10
0.754005
0.0137697
0
0
0
0
0
0
-5.174e-16
6.09908e-15
0.754005
0.0137697
0
0
0
0
0
0
-5.174e-16
6.09908e-15
0.756291
0.82516
0.88271
0.935632
0.976564
0.999211
1.00602
1.00639
1.00647
1.00586
0.759635
0.885191
0.996564
1.09831
1.18557
1.2536
1.30004
1.32666
1.33871
1.34303
0.760781
0.644345
0.537758
0.439141
0.351781
0.278609
0.221467
0.180452
0.15367
0.144035
0.761126
0.738362
0.717273
0.697197
0.678861
0.663352
0.652165
0.6471
0.649995
0.634264
0.7643
0.864198
0.957519
1.04665
1.12965
1.20449
1.2692
1.32203
1.36174
1.40764
0.766158
0.723828
0.683238
0.643593
0.605131
0.567995
0.532244
0.497884
0.464924
0.45515
0.766058
0.713027
0.664397
0.618622
0.577083
0.541125
0.511981
0.490661
0.477834
0.430075
0.768653
0.839114
0.906228
0.971604
1.03447
1.09406
1.14958
1.20028
1.24546
1.2909
0.771212
0.771713
0.769871
0.766552
0.761101
0.752999
0.741903
0.727687
0.710471
0.72936
0.771126
0.708125
0.649029
0.592291
0.538952
0.489966
0.446168
0.408245
0.376703
0.321925
0.772842
0.815433
0.85792
0.900323
0.942563
0.984473
1.02578
1.0661
1.10494
1.12522
0.775826
0.798873
0.818121
0.835817
0.851326
0.864124
0.873827
0.880209
0.883213
0.92605
0.776138
0.721214
0.668373
0.616686
0.566678
0.518876
0.473802
0.431966
0.393864
0.348952
0.777024
0.79763
0.820256
0.843236
0.866661
0.890543
0.914797
0.939233
0.963556
0.954171
0.78002
0.814642
0.845965
0.876257
0.905086
0.932059
0.956829
0.979097
0.998626
1.04937
0.78096
0.737887
0.694844
0.652318
0.610585
0.569957
0.530783
0.493459
0.458419
0.435613
0.78126
0.78364
0.788745
0.794138
0.799892
0.806046
0.8126
0.819508
0.82668
0.795639
0.783903
0.823796
0.861738
0.898973
0.935174
0.970008
1.00314
1.03422
1.0629
1.10652
0.785472
0.756396
0.725932
0.695782
0.666143
0.637238
0.609317
0.582664
0.55759
0.558647
0.785487
0.767466
0.751893
0.736758
0.722233
0.708482
0.695657
0.6839
0.673334
0.632155
0.787592
0.827139
0.866108
0.904441
0.941817
0.977901
1.01235
1.0448
1.07489
1.10256
0.789622
0.776306
0.760978
0.745845
0.731043
0.716711
0.702994
0.690045
0.678018
0.697482
0.789722
0.76121
0.734358
0.708013
0.682409
0.657783
0.634375
0.612428
0.592187
0.553911
0.791175
0.824511
0.858299
0.891474
0.923714
0.954698
0.984103
1.01161
1.0369
1.04632
0.79342
0.795982
0.796521
0.79705
0.797592
0.798165
0.79878
0.799444
0.800157
0.829709
0.793813
0.760738
0.72842
0.696724
0.665954
0.636415
0.608409
0.582237
0.558194
0.53018
0.794698
0.81688
0.84014
0.862913
0.884941
0.905973
0.925769
0.944099
0.960751
0.954163
0.796908
0.812828
0.827081
0.84106
0.854646
0.867717
0.88015
0.89182
0.9026
0.934137
0.797687
0.766532
0.73533
0.704783
0.675219
0.646956
0.620305
0.595563
0.573011
0.55851
0.798103
0.803569
0.810463
0.817196
0.823673
0.829801
0.835498
0.840688
0.845305
0.825233
0.800144
0.824536
0.847804
0.870577
0.89262
0.913704
0.933604
0.952105
0.969
0.996164
0.801296
0.777606
0.753257
0.729455
0.706477
0.684591
0.66405
0.645092
0.627935
0.626817
0.801529
0.794174
0.788162
0.782267
0.776533
0.771003
0.765725
0.760748
0.756121
0.731337
0.803182
0.83007
0.856436
0.88221
0.907107
0.930848
0.953167
0.973814
0.992556
1.01126
0.804616
0.79173
0.777802
0.764199
0.75109
0.73864
0.727
0.716311
0.706698
0.716459
0.804846
0.788151
0.7725
0.757196
0.742396
0.728258
0.714931
0.702559
0.691277
0.667261
0.805977
0.829013
0.852211
0.874885
0.896775
0.917627
0.937203
0.955279
0.971648
0.978085
0.807647
0.806206
0.803584
0.801022
0.798563
0.796247
0.794108
0.79218
0.790489
0.807239
0.808008
0.786757
0.766118
0.745952
0.726482
0.707925
0.69049
0.67437
0.659746
0.640739
0.808756
0.824027
0.839883
0.85538
0.870335
0.884572
0.897923
0.910231
0.921355
0.917971
0.810405
0.818664
0.825829
0.83282
0.839567
0.845999
0.852049
0.857653
0.862754
0.882128
0.810973
0.790021
0.769211
0.74888
0.729261
0.710579
0.693047
0.676864
0.662214
0.650767
0.811429
0.817436
0.824264
0.830944
0.837393
0.843529
0.849279
0.85457
0.85934
0.848547
0.81292
0.82756
0.841365
0.854844
0.867846
0.880225
0.891843
0.902572
0.912293
0.930263
0.813706
0.796979
0.77997
0.763348
0.747309
0.732037
0.717709
0.704492
0.692535
0.689375
0.813987
0.811281
0.809437
0.807645
0.80592
0.804277
0.802728
0.801288
0.799968
0.785081
0.815154
0.832674
0.849797
0.866524
0.882665
0.898037
0.912465
0.925788
0.937853
0.950412
0.816187
0.806079
0.795381
0.784921
0.774822
0.765204
0.756179
0.747853
0.740324
0.744532
0.81641
0.807092
0.798504
0.790121
0.782035
0.774333
0.767101
0.760417
0.754353
0.738854
0.817287
0.832903
0.848502
0.863747
0.878462
0.892481
0.905642
0.917796
0.928803
0.93487
0.81841
0.815615
0.81208
0.808615
0.805263
0.802067
0.799066
0.796298
0.793798
0.803258
0.818671
0.805694
0.793197
0.78099
0.769212
0.757992
0.747458
0.737726
0.728904
0.715777
0.819268
0.830418
0.841861
0.85305
0.863856
0.874154
0.883825
0.892757
0.900848
0.900456
0.820382
0.824089
0.827066
0.829965
0.832754
0.835406
0.837894
0.840192
0.842277
0.854278
0.820741
0.807199
0.793836
0.780779
0.768175
0.756169
0.744895
0.734482
0.725046
0.716306
0.821109
0.826537
0.832453
0.838244
0.84384
0.849177
0.85419
0.858821
0.863013
0.857388
0.822075
0.831308
0.83998
0.848447
0.856614
0.864391
0.871692
0.878435
0.884546
0.896315
0.822597
0.811123
0.799542
0.788222
0.777293
0.76688
0.757102
0.748071
0.739891
0.736373
0.822806
0.82255
0.822847
0.823145
0.823439
0.823722
0.82399
0.824235
0.824453
0.815578
0.8236
0.834581
0.845238
0.855648
0.865695
0.875266
0.884253
0.892554
0.900077
0.90908
0.824221
0.816584
0.80862
0.800832
0.79331
0.786142
0.779411
0.773196
0.767567
0.76898
0.824349
0.819494
0.815136
0.810883
0.806782
0.802877
0.79921
0.795819
0.792741
0.782853
0.824937
0.83531
0.845606
0.855669
0.865384
0.87464
0.883334
0.891366
0.898644
0.903702
0.825592
0.823451
0.820837
0.818275
0.815798
0.813435
0.811215
0.809167
0.807316
0.813233
0.825721
0.818006
0.810647
0.80346
0.796524
0.789916
0.783709
0.777973
0.772772
0.763895
0.826102
0.834051
0.842138
0.850045
0.857681
0.864958
0.871794
0.878109
0.883831
0.884711
0.826739
0.828847
0.830483
0.832075
0.833607
0.835064
0.836432
0.837697
0.838846
0.846539
0.826904
0.818286
0.809839
0.801585
0.793618
0.786027
0.778897
0.77231
0.766339
0.759944
0.827104
0.831594
0.836369
0.841041
0.845554
0.849857
0.853899
0.857633
0.861014
0.858304
0.827664
0.832858
0.837668
0.842363
0.846892
0.851205
0.855254
0.858997
0.86239
0.870102
0.827882
0.820334
0.812732
0.805302
0.798129
0.791294
0.784875
0.778945
0.773573
0.771059
0.827943
0.828768
0.829944
0.831098
0.832216
0.833283
0.834285
0.83521
0.836044
0.830897
0.828378
0.835135
0.841646
0.848007
0.854146
0.859993
0.865485
0.870559
0.875158
0.881447
0.82864
0.8235
0.818163
0.812944
0.807903
0.8031
0.79859
0.794424
0.790652
0.791354
0.828613
0.826286
0.824295
0.822355
0.820484
0.818703
0.81703
0.815482
0.814076
0.807891
0.828898
0.835676
0.842369
0.848909
0.855223
0.861238
0.866888
0.872107
0.876838
0.880791
0.829174
0.826965
0.824477
0.822041
0.819687
0.817443
0.815335
0.81339
0.81163
0.814832
0.829105
0.82463
0.820417
0.816303
0.812333
0.808551
0.804999
0.801716
0.798738
0.792853
0.829233
0.834769
0.840364
0.845834
0.851116
0.85615
0.860877
0.865244
0.869201
0.870505
0.829485
0.830089
0.830397
0.830694
0.830978
0.831247
0.831499
0.831734
0.831949
0.836601
0.829414
0.823848
0.81841
0.813097
0.807968
0.803081
0.798492
0.794251
0.790407
0.78615
0.82939
0.832879
0.836536
0.840112
0.843566
0.846859
0.849951
0.852808
0.855394
0.854286
0.829579
0.832373
0.834914
0.837393
0.839783
0.84206
0.844198
0.846174
0.847966
0.852938
0.829518
0.824434
0.819358
0.814398
0.809608
0.805045
0.800759
0.7968
0.793213
0.791016
0.829371
0.830536
0.831924
0.833285
0.8346
0.835855
0.837033
0.838121
0.839104
0.836227
0.829466
0.833532
0.837426
0.84123
0.844901
0.848397
0.851681
0.854714
0.857465
0.861775
0.829411
0.825669
0.821835
0.818088
0.814468
0.81102
0.807781
0.80479
0.80208
0.801979
0.829182
0.827804
0.826655
0.825536
0.824457
0.823431
0.822466
0.821574
0.820763
0.816804
0.829154
0.833503
0.837781
0.841961
0.845996
0.849841
0.853451
0.856787
0.85981
0.862777
0.82909
0.827142
0.82504
0.822984
0.820997
0.819103
0.817325
0.815683
0.814197
0.815832
0.828808
0.825987
0.823352
0.820779
0.818296
0.815931
0.81371
0.811657
0.809794
0.80597
0.82865
0.832421
0.836217
0.839928
0.84351
0.846924
0.85013
0.853092
0.855776
0.857093
0.828555
0.828437
0.828145
0.827857
0.827577
0.827309
0.827057
0.826826
0.826618
0.829372
0.828242
0.824763
0.821401
0.818116
0.814946
0.811925
0.809088
0.806467
0.804091
0.801092
0.827961
0.830554
0.83325
0.835886
0.838431
0.840858
0.843136
0.845241
0.847147
0.846871
0.82781
0.82921
0.830454
0.831667
0.832836
0.833949
0.834995
0.835961
0.836839
0.839998
0.827477
0.824104
0.820773
0.817517
0.814373
0.811379
0.808566
0.805968
0.803613
0.801851
0.827103
0.827953
0.82896
0.829946
0.8309
0.831809
0.832663
0.833451
0.834164
0.832391
0.82686
0.829239
0.831508
0.833725
0.835863
0.8379
0.839813
0.841581
0.843184
0.846091
0.826508
0.823847
0.821161
0.818535
0.815999
0.813583
0.811314
0.809218
0.807319
0.806901
0.826053
0.825515
0.825141
0.824777
0.824428
0.824095
0.823783
0.823494
0.82323
0.820827
0.82571
0.828445
0.831132
0.833758
0.836292
0.838706
0.840974
0.843068
0.844967
0.847131
0.825333
0.823747
0.822089
0.820468
0.818901
0.817409
0.816007
0.814712
0.81354
0.814305
0.824817
0.823237
0.821802
0.820401
0.81905
0.817763
0.816554
0.815437
0.814423
0.811955
0.824386
0.826846
0.829335
0.831768
0.834116
0.836354
0.838456
0.840398
0.842157
0.843107
0.823952
0.823536
0.823029
0.822532
0.822052
0.821593
0.821162
0.820765
0.820406
0.822
0.823388
0.821246
0.81921
0.81722
0.8153
0.813471
0.811753
0.810166
0.808726
0.806669
0.822859
0.824581
0.826384
0.828147
0.829849
0.831472
0.832995
0.834403
0.835678
0.835591
0.822366
0.822981
0.823511
0.824027
0.824525
0.824998
0.825443
0.825854
0.826228
0.828211
0.821765
0.819556
0.817405
0.815304
0.813276
0.811343
0.809528
0.807851
0.806331
0.804998
0.821146
0.821938
0.822844
0.823731
0.824588
0.825404
0.826172
0.82688
0.827521
0.826607
0.820579
0.821918
0.823198
0.824448
0.825655
0.826803
0.827882
0.828879
0.829783
0.831721
0.819944
0.818085
0.816241
0.81444
0.8127
0.811042
0.809485
0.808047
0.806744
0.806259
0.819247
0.819124
0.819128
0.819132
0.819138
0.819143
0.819148
0.819153
0.819156
0.81774
0.818626
0.820365
0.822091
0.823778
0.825406
0.826957
0.828414
0.82976
0.830979
0.832441
0.817923
0.81669
0.815441
0.81422
0.81304
0.811916
0.81086
0.809885
0.809002
0.809307
0.81716
0.816305
0.815569
0.814851
0.814158
0.813498
0.812879
0.812306
0.811786
0.81023
0.816453
0.818074
0.819725
0.821339
0.822897
0.824381
0.825775
0.827063
0.82823
0.829051
0.815701
0.815204
0.814674
0.814156
0.813654
0.813176
0.812727
0.812313
0.811938
0.812841
0.814884
0.813582
0.812377
0.8112
0.810065
0.808983
0.807967
0.807029
0.806177
0.804803
0.814091
0.815307
0.81659
0.817844
0.819055
0.820209
0.821293
0.822294
0.8232
0.823352
0.813322
0.81365
0.813945
0.814233
0.81451
0.814773
0.815021
0.81525
0.815458
0.816752
0.812417
0.810982
0.809618
0.808285
0.806998
0.805772
0.804621
0.803557
0.802593
0.801631
0.811543
0.812193
0.812936
0.813663
0.814365
0.815034
0.815662
0.816242
0.816768
0.816351
0.810709
0.81152
0.812316
0.813094
0.813844
0.814559
0.815229
0.81585
0.816412
0.817698
0.809757
0.808473
0.807231
0.806018
0.804847
0.803731
0.802683
0.801714
0.800837
0.8004
0.808809
0.808867
0.80903
0.80919
0.809345
0.809493
0.809631
0.809759
0.809875
0.809078
0.807903
0.808951
0.81001
0.811044
0.812042
0.812993
0.813886
0.814711
0.815459
0.816508
0.806953
0.806096
0.805257
0.804436
0.803642
0.802887
0.802177
0.801521
0.800927
0.801114
0.80589
0.805443
0.805101
0.804767
0.804445
0.804139
0.803851
0.803585
0.803343
0.802394
0.804908
0.805946
0.807023
0.808075
0.809091
0.810059
0.810968
0.811808
0.812569
0.813239
0.803908
0.803523
0.803144
0.802774
0.802415
0.802074
0.801753
0.801457
0.801189
0.801774
0.802784
0.801998
0.801306
0.80063
0.799978
0.799356
0.798773
0.798234
0.797745
0.796855
0.801726
0.802553
0.803446
0.804318
0.805159
0.805962
0.806715
0.807411
0.808041
0.808287
0.800671
0.800733
0.800803
0.80087
0.800934
0.800996
0.801053
0.801106
0.801155
0.801968
0.799492
0.798563
0.797713
0.796883
0.796082
0.795318
0.794601
0.793938
0.793338
0.792674
0.79836
0.798851
0.799426
0.799989
0.800532
0.801049
0.801536
0.801984
0.802391
0.802253
0.797244
0.797651
0.798074
0.798488
0.798887
0.799266
0.799623
0.799953
0.800252
0.801111
0.796073
0.795202
0.794389
0.793595
0.792829
0.792098
0.791412
0.790778
0.790204
0.789924
0.794812
0.794925
0.795134
0.795338
0.795536
0.795725
0.795902
0.796065
0.796213
0.795798
0.79363
0.794232
0.794867
0.795487
0.796086
0.796656
0.797192
0.797687
0.798135
0.798884
0.792409
0.791756
0.791149
0.790555
0.789982
0.789435
0.788922
0.788448
0.788019
0.788077
0.791081
0.790852
0.790723
0.790597
0.790475
0.790359
0.79025
0.79015
0.790058
0.789505
0.789831
0.790469
0.79116
0.791835
0.792486
0.793107
0.793689
0.794228
0.794716
0.795247
0.788558
0.788193
0.787867
0.787548
0.787239
0.786945
0.786669
0.786414
0.786183
0.78652
0.787235
0.786709
0.786277
0.785855
0.785448
0.78506
0.784695
0.784358
0.784053
0.783504
0.785849
0.786387
0.786996
0.78759
0.788163
0.78871
0.789223
0.789698
0.790127
0.790394
0.784522
0.784448
0.784413
0.784378
0.784343
0.784311
0.78428
0.784252
0.784226
0.784742
0.783144
0.782515
0.781971
0.781439
0.780926
0.780437
0.779978
0.779553
0.779169
0.778758
0.781688
0.782031
0.782459
0.782877
0.783281
0.783666
0.784027
0.784361
0.784663
0.784677
0.780302
0.780468
0.780678
0.780882
0.781079
0.781266
0.781442
0.781605
0.781752
0.782332
0.778873
0.778263
0.777728
0.777205
0.7767
0.776219
0.775768
0.77535
0.774972
0.774765
0.777421
0.77748
0.777634
0.777786
0.777932
0.778071
0.778202
0.778323
0.778432
0.77821
0.775902
0.776219
0.776591
0.776953
0.777303
0.777636
0.777949
0.778238
0.7785
0.779037
0.774421
0.773926
0.773498
0.773079
0.772675
0.77229
0.771929
0.771595
0.771292
0.771304
0.772908
0.772742
0.772675
0.77261
0.772548
0.772488
0.772432
0.77238
0.772333
0.772015
0.771322
0.771692
0.772127
0.772552
0.772962
0.773353
0.77372
0.774059
0.774366
0.774784
0.769789
0.769466
0.769205
0.76895
0.768704
0.768469
0.768248
0.768044
0.76786
0.768063
0.768219
0.767886
0.76765
0.76742
0.767198
0.766986
0.766788
0.766604
0.766438
0.766115
0.766646
0.766965
0.767365
0.767756
0.768133
0.768492
0.76883
0.769141
0.769424
0.769647
0.76498
0.764843
0.764768
0.764694
0.764622
0.764554
0.764489
0.76443
0.764377
0.764714
0.763355
0.762931
0.762601
0.762279
0.761968
0.761671
0.761393
0.761135
0.760902
0.76065
0.76172
0.761916
0.762204
0.762485
0.762757
0.763015
0.763258
0.763483
0.763686
0.763745
0.759995
0.760021
0.760111
0.760199
0.760284
0.760365
0.760441
0.760511
0.760575
0.760975
0.758318
0.757883
0.757537
0.757199
0.756872
0.756561
0.756269
0.755999
0.755754
0.755622
0.756622
0.756666
0.756808
0.756948
0.757083
0.757211
0.757332
0.757443
0.757544
0.757473
0.754837
0.754975
0.755185
0.75539
0.755587
0.755776
0.755952
0.756116
0.756264
0.756657
0.753107
0.752728
0.752433
0.752145
0.751867
0.751601
0.751352
0.751122
0.750913
0.75092
0.751353
0.751248
0.751246
0.751244
0.751242
0.75124
0.751238
0.751236
0.751234
0.751087
0.749595
0.749794
0.750074
0.750347
0.750611
0.750862
0.751098
0.751316
0.751513
0.751831
0.747726
0.747447
0.747248
0.747054
0.746867
0.746688
0.74652
0.746365
0.746225
0.746361
0.745917
0.745692
0.745571
0.745454
0.74534
0.745232
0.74513
0.745036
0.74495
0.744784
0.7441
0.744276
0.744542
0.744803
0.745054
0.745293
0.745518
0.745725
0.745913
0.746129
0.742176
0.742012
0.74193
0.741849
0.741771
0.741697
0.741627
0.741562
0.741504
0.741738
0.740313
0.740015
0.73982
0.739629
0.739445
0.73927
0.739105
0.738953
0.738815
0.738681
0.738438
0.738546
0.738752
0.738954
0.739148
0.739333
0.739507
0.739668
0.739814
0.739924
0.736553
0.73652
0.73657
0.736619
0.736666
0.736711
0.736753
0.736791
0.736827
0.737125
0.734543
0.734223
0.734003
0.733788
0.733581
0.733383
0.733198
0.733026
0.732871
0.732806
0.732612
0.732626
0.732745
0.732861
0.732974
0.733081
0.733181
0.733273
0.733357
0.733378
0.730673
0.730715
0.730845
0.730972
0.731095
0.731212
0.731321
0.731423
0.731514
0.731812
0.72861
0.728312
0.728113
0.727918
0.72773
0.727551
0.727383
0.727227
0.727086
0.727108
0.726624
0.726541
0.726566
0.726591
0.726615
0.726638
0.72666
0.72668
0.726697
0.72666
0.72463
0.724708
0.72488
0.725048
0.72521
0.725364
0.725509
0.725642
0.725764
0.726025
0.722616
0.722386
0.722252
0.722121
0.721994
0.721873
0.721759
0.721655
0.72156
0.721684
0.720476
0.72031
0.720254
0.7202
0.720147
0.720097
0.72005
0.720007
0.719967
0.719908
0.718428
0.718501
0.718676
0.718846
0.71901
0.719167
0.719314
0.71945
0.719573
0.719775
0.716363
0.716207
0.716147
0.716089
0.716032
0.715978
0.715927
0.71588
0.715838
0.716029
0.71417
0.713947
0.713835
0.713726
0.713621
0.71352
0.713426
0.713339
0.713259
0.713212
0.712068
0.712105
0.712249
0.71239
0.712526
0.712656
0.712778
0.71289
0.712992
0.713128
0.709953
0.709867
0.709879
0.709891
0.709902
0.709913
0.709923
0.709932
0.709941
0.71017
0.707815
0.707563
0.707422
0.707283
0.70715
0.707023
0.706903
0.706793
0.706692
0.706691
0.705553
0.705534
0.705627
0.705718
0.705806
0.705889
0.705968
0.70604
0.706106
0.706182
0.703388
0.703354
0.703424
0.703491
0.703556
0.703618
0.703676
0.70373
0.703779
0.704017
0.701201
0.70096
0.70083
0.700702
0.700579
0.700461
0.70035
0.700248
0.700156
0.700211
0.698885
0.698803
0.698837
0.69887
0.698903
0.698933
0.698962
0.698988
0.699012
0.699046
0.696669
0.696666
0.696769
0.696869
0.696967
0.697059
0.697146
0.697226
0.697299
0.697522
0.694434
0.694227
0.69413
0.694034
0.693942
0.693854
0.693772
0.693695
0.693626
0.693738
0.69218
0.69203
0.691999
0.691968
0.691938
0.69191
0.691884
0.691859
0.691836
0.691846
0.689801
0.689801
0.689913
0.690023
0.690128
0.690229
0.690323
0.690411
0.69049
0.690679
0.687519
0.687356
0.687304
0.687252
0.687203
0.687155
0.687111
0.68707
0.687033
0.687191
0.685216
0.685027
0.684958
0.68489
0.684825
0.684762
0.684704
0.68465
0.6846
0.684616
0.682785
0.682767
0.682866
0.682963
0.683056
0.683145
0.683228
0.683305
0.683374
0.683523
0.680455
0.680338
0.680332
0.680327
0.680321
0.680316
0.680311
0.680307
0.680303
0.680492
0.678106
0.677898
0.677811
0.677726
0.677643
0.677564
0.67749
0.677422
0.67736
0.6774
0.675743
0.675685
0.675749
0.675811
0.675871
0.675929
0.675982
0.676032
0.676077
0.676178
0.673248
0.673167
0.673201
0.673234
0.673266
0.673296
0.673325
0.673351
0.673375
0.673576
0.670853
0.670646
0.67056
0.670476
0.670394
0.670317
0.670244
0.670177
0.670116
0.67019
0.668442
0.668343
0.668369
0.668394
0.668419
0.668442
0.668464
0.668484
0.668502
0.668575
0.665898
0.66584
0.6659
0.665959
0.666016
0.66607
0.66612
0.666167
0.666209
0.666406
0.663458
0.663268
0.663199
0.663131
0.663066
0.663004
0.662945
0.662891
0.662842
0.662954
0.661002
0.660865
0.660855
0.660845
0.660836
0.660827
0.660818
0.660811
0.660803
0.660863
0.658533
0.658483
0.658556
0.658627
0.658695
0.65876
0.658821
0.658878
0.658929
0.659104
0.655925
0.655761
0.655719
0.655677
0.655637
0.655599
0.655563
0.65553
0.6555
0.655645
0.653424
0.653258
0.653221
0.653184
0.653149
0.653116
0.653084
0.653055
0.653028
0.653089
0.65091
0.650849
0.650915
0.650978
0.65104
0.651099
0.651154
0.651204
0.65125
0.6514
0.648256
0.64812
0.648108
0.648096
0.648084
0.648072
0.648062
0.648052
0.648043
0.648211
0.645711
0.645529
0.645476
0.645425
0.645375
0.645327
0.645283
0.645241
0.645204
0.645277
0.643153
0.643071
0.643119
0.643165
0.64321
0.643252
0.643292
0.643329
0.643362
0.643487
0.640583
0.640477
0.640497
0.640516
0.640535
0.640552
0.640569
0.640584
0.640598
0.64078
0.637867
0.637681
0.637625
0.637571
0.637518
0.637468
0.637421
0.637378
0.637338
0.637432
0.635266
0.635158
0.635182
0.635205
0.635228
0.635249
0.63527
0.635288
0.635305
0.635411
0.632653
0.632562
0.6326
0.632637
0.632672
0.632706
0.632737
0.632767
0.632793
0.632974
0.629893
0.629714
0.629667
0.62962
0.629575
0.629532
0.629492
0.629454
0.62942
0.629539
0.62725
0.627116
0.627117
0.627117
0.627118
0.627119
0.627119
0.627119
0.62712
0.627214
0.624596
0.624509
0.624555
0.624599
0.624642
0.624683
0.624721
0.624757
0.624789
0.624959
0.621927
0.621766
0.621737
0.621708
0.621681
0.621654
0.62163
0.621607
0.621586
0.621731
0.619109
0.618954
0.618936
0.618917
0.6189
0.618883
0.618867
0.618852
0.618839
0.618932
0.616414
0.616323
0.616366
0.616409
0.61645
0.616489
0.616526
0.61656
0.61659
0.616746
0.613705
0.613562
0.613552
0.613542
0.613533
0.613524
0.613515
0.613507
0.6135
0.613662
0.610846
0.610677
0.610646
0.610616
0.610587
0.610559
0.610533
0.610509
0.610486
0.610586
0.60811
0.608007
0.608041
0.608074
0.608107
0.608137
0.608166
0.608193
0.608216
0.608357
0.605363
0.605235
0.605243
0.60525
0.605258
0.605265
0.605271
0.605277
0.605282
0.605453
0.602601
0.602427
0.602391
0.602355
0.602322
0.602289
0.602259
0.60223
0.602205
0.602319
0.599688
0.599569
0.599589
0.599609
0.599628
0.599646
0.599663
0.599678
0.599692
0.59982
0.596903
0.596786
0.596807
0.596827
0.596847
0.596865
0.596883
0.596899
0.596914
0.597086
0.594104
0.593932
0.593901
0.59387
0.59384
0.593812
0.593785
0.59376
0.593738
0.593868
0.591292
0.591152
0.591154
0.591156
0.591158
0.59116
0.591161
0.591163
0.591164
0.591281
0.588328
0.588215
0.588243
0.588271
0.588297
0.588322
0.588345
0.588367
0.588387
0.588555
0.585492
0.585329
0.585307
0.585286
0.585265
0.585245
0.585226
0.585209
0.585193
0.585339
0.582644
0.582489
0.582479
0.582468
0.582458
0.582448
0.582439
0.58243
0.582423
0.582538
0.579642
0.579527
0.579556
0.579584
0.579611
0.579637
0.579661
0.579683
0.579703
0.579863
0.57677
0.576618
0.576608
0.576598
0.576588
0.576579
0.57657
0.576562
0.576555
0.576713
0.573887
0.573722
0.573703
0.573684
0.573666
0.573648
0.573632
0.573617
0.573603
0.573723
0.570992
0.57087
0.570893
0.570915
0.570937
0.570957
0.570977
0.570995
0.571011
0.571159
0.567941
0.567798
0.5678
0.567801
0.567803
0.567804
0.567805
0.567807
0.567807
0.567973
0.565023
0.564854
0.564831
0.564809
0.564788
0.564767
0.564748
0.56473
0.564714
0.564842
0.562094
0.56196
0.561975
0.561989
0.562002
0.562015
0.562027
0.562038
0.562047
0.562187
0.559007
0.558872
0.558883
0.558894
0.558904
0.558914
0.558923
0.558931
0.558939
0.559107
0.556056
0.555887
0.555866
0.555845
0.555825
0.555806
0.555788
0.555771
0.555756
0.555895
0.553093
0.552948
0.552953
0.552957
0.552962
0.552965
0.552969
0.552972
0.552975
0.55311
0.550121
0.549991
0.550008
0.550026
0.550043
0.550059
0.550073
0.550087
0.5501
0.550266
0.546988
0.546823
0.546807
0.546792
0.546777
0.546762
0.546748
0.546736
0.546724
0.546873
0.543994
0.543839
0.543834
0.54383
0.543826
0.543822
0.543819
0.543815
0.543812
0.543945
0.54099
0.540858
0.540877
0.540895
0.540913
0.54093
0.540945
0.54096
0.540973
0.541135
0.537824
0.537665
0.537656
0.537648
0.537639
0.537631
0.537624
0.537617
0.53761
0.537768
0.534799
0.534636
0.534625
0.534615
0.534605
0.534595
0.534586
0.534578
0.53457
0.534705
0.531764
0.531628
0.531644
0.531659
0.531675
0.531689
0.531702
0.531715
0.531726
0.531882
0.528719
0.528568
0.528568
0.528568
0.528569
0.528569
0.528569
0.528569
0.528569
0.528734
0.525511
0.525344
0.52533
0.525317
0.525304
0.525291
0.525279
0.525268
0.525258
0.525398
0.522446
0.522303
0.522315
0.522325
0.522336
0.522346
0.522355
0.522363
0.522371
0.522522
0.519372
0.519226
0.519232
0.519239
0.519245
0.519251
0.519256
0.519261
0.519266
0.519433
0.516289
0.516121
0.516107
0.516093
0.51608
0.516068
0.516056
0.516045
0.516035
0.516183
0.513041
0.51289
0.512895
0.5129
0.512905
0.512909
0.512913
0.512917
0.51292
0.513068
0.509939
0.509795
0.509805
0.509816
0.509825
0.509835
0.509844
0.509852
0.509859
0.510026
0.506827
0.506661
0.506651
0.50664
0.50663
0.50662
0.506611
0.506602
0.506595
0.506749
0.503551
0.503393
0.503392
0.503391
0.50339
0.50339
0.503389
0.503388
0.503387
0.503533
0.500421
0.500277
0.500289
0.500301
0.500312
0.500323
0.500333
0.500342
0.50035
0.500516
0.497284
0.497121
0.497115
0.497109
0.497103
0.497097
0.497092
0.497087
0.497082
0.497243
0.494137
0.493973
0.493966
0.49396
0.493954
0.493948
0.493943
0.493937
0.493933
0.49408
0.490824
0.490677
0.490688
0.490699
0.490709
0.490719
0.490728
0.490737
0.490744
0.490907
0.487661
0.487502
0.4875
0.487499
0.487498
0.487496
0.487495
0.487494
0.487493
0.487659
0.484489
0.484321
0.484312
0.484304
0.484296
0.484288
0.48428
0.484273
0.484267
0.484417
0.481309
0.481157
0.481165
0.481172
0.48118
0.481187
0.481193
0.481199
0.481204
0.481362
0.477962
0.477806
0.477809
0.477812
0.477815
0.477817
0.47782
0.477822
0.477824
0.477992
0.474766
0.474597
0.474588
0.474579
0.474571
0.474563
0.474555
0.474548
0.474541
0.474696
0.471563
0.471406
0.47141
0.471413
0.471417
0.47142
0.471423
0.471426
0.471428
0.471584
0.468191
0.468037
0.468043
0.468049
0.468055
0.46806
0.468065
0.468069
0.468074
0.468242
0.464972
0.464804
0.464796
0.464789
0.464782
0.464775
0.464769
0.464763
0.464757
0.464916
0.461746
0.461584
0.461584
0.461584
0.461584
0.461584
0.461584
0.461584
0.461583
0.461738
0.458513
0.458359
0.458367
0.458375
0.458382
0.458389
0.458396
0.458401
0.458407
0.458575
0.455111
0.454944
0.454939
0.454935
0.45493
0.454925
0.454921
0.454917
0.454914
0.455077
0.451863
0.451698
0.451694
0.451691
0.451688
0.451685
0.451683
0.45168
0.451678
0.451833
0.448609
0.448454
0.448461
0.448468
0.448475
0.448482
0.448488
0.448494
0.448499
0.448664
0.445185
0.445021
0.445019
0.445017
0.445016
0.445014
0.445012
0.445011
0.445009
0.445176
0.441918
0.441749
0.441744
0.441739
0.441734
0.44173
0.441725
0.441721
0.441717
0.441875
0.438644
0.438486
0.438491
0.438497
0.438502
0.438507
0.438512
0.438516
0.43852
0.438684
0.435364
0.435202
0.435203
0.435205
0.435207
0.435208
0.435209
0.43521
0.435212
0.435381
0.431913
0.431743
0.431737
0.431731
0.431726
0.431721
0.431716
0.431711
0.431707
0.431867
0.42862
0.428458
0.428462
0.428465
0.428468
0.428471
0.428474
0.428476
0.428478
0.428641
0.425322
0.425161
0.425164
0.425168
0.425172
0.425175
0.425178
0.425181
0.425183
0.425354
0.422017
0.421847
0.421842
0.421837
0.421833
0.421828
0.421824
0.42182
0.421816
0.42198
0.418542
0.418377
0.418378
0.418378
0.418379
0.41838
0.41838
0.418381
0.418381
0.418543
0.415226
0.415065
0.41507
0.415075
0.415079
0.415084
0.415088
0.415091
0.415095
0.415265
0.411905
0.411736
0.411732
0.411729
0.411726
0.411723
0.41172
0.411717
0.411715
0.411881
0.408412
0.408244
0.408243
0.408242
0.40824
0.408239
0.408238
0.408237
0.408236
0.408398
0.405081
0.404919
0.404924
0.404929
0.404933
0.404938
0.404942
0.404945
0.404949
0.405118
0.401744
0.401576
0.401575
0.401573
0.401572
0.401571
0.401569
0.401568
0.401567
0.401736
0.398403
0.398232
0.398229
0.398226
0.398223
0.39822
0.398218
0.398215
0.398213
0.398376
0.394889
0.394726
0.39473
0.394734
0.394738
0.394741
0.394745
0.394748
0.39475
0.394918
0.391538
0.391371
0.391372
0.391372
0.391373
0.391373
0.391374
0.391374
0.391374
0.391545
0.388183
0.388011
0.388008
0.388004
0.388001
0.387997
0.387994
0.387991
0.387989
0.388154
0.384823
0.384657
0.38466
0.384662
0.384664
0.384666
0.384668
0.38467
0.384672
0.384839
0.381291
0.381125
0.381127
0.381129
0.381131
0.381133
0.381134
0.381136
0.381137
0.381309
0.377923
0.377751
0.377748
0.377744
0.377741
0.377738
0.377735
0.377732
0.37773
0.377897
0.374551
0.374383
0.374383
0.374384
0.374385
0.374386
0.374386
0.374387
0.374387
0.374553
0.371175
0.371009
0.371012
0.371015
0.371018
0.371021
0.371024
0.371026
0.371028
0.3712
0.367626
0.367455
0.367452
0.36745
0.367447
0.367445
0.367443
0.367441
0.367439
0.367608
0.364243
0.364073
0.364072
0.364072
0.364071
0.36407
0.36407
0.364069
0.364068
0.364235
0.360856
0.36069
0.360693
0.360696
0.3607
0.360702
0.360705
0.360707
0.36071
0.360881
0.357297
0.357126
0.357125
0.357123
0.357122
0.357121
0.35712
0.357119
0.357118
0.357288
0.353903
0.353732
0.35373
0.353729
0.353727
0.353725
0.353724
0.353723
0.353721
0.353888
0.350507
0.35034
0.350343
0.350346
0.350348
0.350351
0.350353
0.350355
0.350357
0.350527
0.347108
0.346938
0.346939
0.346939
0.346939
0.346939
0.346939
0.346939
0.346939
0.347111
0.343536
0.343364
0.343362
0.343359
0.343357
0.343355
0.343353
0.343352
0.34335
0.343518
0.340131
0.339963
0.339965
0.339967
0.339969
0.33997
0.339972
0.339973
0.339974
0.340144
0.336724
0.336555
0.336557
0.336558
0.336559
0.33656
0.336561
0.336562
0.336563
0.336735
0.333315
0.333142
0.33314
0.333138
0.333136
0.333134
0.333132
0.33313
0.333129
0.333298
0.329733
0.329563
0.329564
0.329565
0.329566
0.329566
0.329567
0.329568
0.329568
0.329737
0.326319
0.32615
0.326152
0.326154
0.326156
0.326157
0.326159
0.32616
0.326161
0.326334
0.322903
0.322731
0.322729
0.322728
0.322726
0.322724
0.322723
0.322721
0.32272
0.322891
0.319315
0.319144
0.319144
0.319144
0.319143
0.319143
0.319143
0.319143
0.319143
0.319312
0.315895
0.315727
0.315729
0.315731
0.315733
0.315734
0.315736
0.315738
0.315739
0.315911
0.312474
0.312303
0.312302
0.312301
0.3123
0.312299
0.312298
0.312297
0.312297
0.312468
0.309052
0.30888
0.308879
0.308878
0.308877
0.308876
0.308875
0.308874
0.308874
0.309043
0.305457
0.305288
0.30529
0.305292
0.305294
0.305295
0.305297
0.305298
0.3053
0.305471
0.302033
0.301861
0.301861
0.301861
0.301861
0.301861
0.301861
0.301861
0.30186
0.302033
0.298607
0.298434
0.298433
0.298432
0.29843
0.298429
0.298428
0.298427
0.298425
0.298595
0.29518
0.29501
0.295012
0.295013
0.295014
0.295015
0.295016
0.295017
0.295018
0.295189
0.291581
0.291411
0.291411
0.291412
0.291413
0.291413
0.291413
0.291414
0.291414
0.291587
0.288153
0.287981
0.287979
0.287978
0.287976
0.287975
0.287974
0.287973
0.287972
0.288142
0.284725
0.284554
0.284555
0.284556
0.284556
0.284557
0.284557
0.284558
0.284558
0.284729
0.281296
0.281126
0.281127
0.281128
0.281129
0.28113
0.281131
0.281132
0.281133
0.281306
0.277695
0.277523
0.277522
0.277521
0.277519
0.277518
0.277517
0.277516
0.277515
0.277686
0.274266
0.274095
0.274095
0.274095
0.274095
0.274095
0.274095
0.274095
0.274095
0.274265
0.270837
0.270667
0.270669
0.27067
0.270671
0.270672
0.270673
0.270674
0.270675
0.270848
0.267237
0.267065
0.267064
0.267063
0.267063
0.267062
0.267061
0.26706
0.26706
0.267231
0.263808
0.263636
0.263636
0.263636
0.263635
0.263635
0.263634
0.263634
0.263633
0.263803
0.26038
0.26021
0.260211
0.260213
0.260214
0.260215
0.260216
0.260217
0.260218
0.26039
0.256953
0.256781
0.256781
0.256781
0.256781
0.256781
0.25678
0.25678
0.25678
0.256952
0.253354
0.253182
0.253182
0.253181
0.25318
0.253179
0.253179
0.253178
0.253177
0.253348
0.249929
0.249758
0.249759
0.24976
0.249761
0.249762
0.249763
0.249764
0.249764
0.249936
0.246504
0.246333
0.246333
0.246334
0.246334
0.246334
0.246334
0.246335
0.246335
0.246507
0.24308
0.242908
0.242907
0.242906
0.242905
0.242904
0.242904
0.242903
0.242902
0.243072
0.239486
0.239316
0.239316
0.239317
0.239318
0.239318
0.239319
0.239319
0.239319
0.23949
0.236065
0.235895
0.235896
0.235896
0.235897
0.235897
0.235898
0.235898
0.235899
0.236071
0.232646
0.232474
0.232473
0.232472
0.232472
0.232471
0.23247
0.23247
0.232469
0.23264
0.229228
0.229057
0.229057
0.229057
0.229057
0.229057
0.229057
0.229057
0.229057
0.229228
0.225641
0.225471
0.225472
0.225473
0.225474
0.225474
0.225475
0.225476
0.225476
0.225647
0.222227
0.222056
0.222055
0.222055
0.222054
0.222054
0.222053
0.222053
0.222052
0.222223
0.218815
0.218644
0.218644
0.218644
0.218643
0.218643
0.218643
0.218643
0.218642
0.218812
0.215405
0.215235
0.215236
0.215237
0.215238
0.215239
0.215239
0.21524
0.21524
0.215411
0.211827
0.211657
0.211657
0.211656
0.211656
0.211656
0.211656
0.211655
0.211655
0.211826
0.208422
0.208252
0.208251
0.208251
0.20825
0.20825
0.208249
0.208249
0.208248
0.208418
0.20502
0.204851
0.204851
0.204852
0.204853
0.204853
0.204854
0.204854
0.204855
0.205025
0.20145
0.201281
0.201281
0.201281
0.201281
0.201281
0.201281
0.201281
0.201281
0.201451
0.198054
0.197883
0.197883
0.197882
0.197882
0.197881
0.197881
0.19788
0.19788
0.198049
0.19466
0.194491
0.194491
0.194492
0.194492
0.194493
0.194493
0.194493
0.194493
0.194663
0.19127
0.191101
0.191101
0.191101
0.191102
0.191102
0.191102
0.191103
0.191103
0.191273
0.187713
0.187543
0.187543
0.187542
0.187542
0.187541
0.187541
0.18754
0.18754
0.187709
0.184329
0.18416
0.184161
0.184161
0.184161
0.184161
0.184161
0.184161
0.184161
0.18433
0.180949
0.180781
0.180781
0.180782
0.180782
0.180783
0.180783
0.180784
0.180784
0.180953
0.177573
0.177404
0.177403
0.177403
0.177402
0.177402
0.177402
0.177401
0.177401
0.17757
0.174031
0.173863
0.173863
0.173863
0.173863
0.173862
0.173862
0.173862
0.173862
0.17403
0.170663
0.170495
0.170495
0.170496
0.170497
0.170497
0.170497
0.170498
0.170498
0.170667
0.167298
0.16713
0.16713
0.167129
0.167129
0.167129
0.167129
0.167129
0.167129
0.167297
0.163938
0.163769
0.163769
0.163769
0.163769
0.163768
0.163768
0.163768
0.163767
0.163935
0.160414
0.160247
0.160247
0.160248
0.160248
0.160248
0.160249
0.160249
0.160249
0.160417
0.157062
0.156895
0.156895
0.156895
0.156895
0.156895
0.156895
0.156895
0.156895
0.157063
0.153715
0.153548
0.153547
0.153547
0.153547
0.153546
0.153546
0.153546
0.153545
0.153712
0.150373
0.150206
0.150207
0.150207
0.150207
0.150208
0.150208
0.150208
0.150208
0.150375
0.146869
0.146703
0.146703
0.146703
0.146703
0.146703
0.146703
0.146704
0.146704
0.146871
0.143537
0.14337
0.14337
0.143369
0.143369
0.143369
0.143368
0.143368
0.143368
0.143534
0.14021
0.140044
0.140044
0.140044
0.140044
0.140044
0.140044
0.140044
0.140044
0.14021
0.136888
0.136722
0.136723
0.136723
0.136723
0.136723
0.136724
0.136724
0.136724
0.13689
0.133406
0.13324
0.133239
0.133239
0.133239
0.133239
0.133238
0.133238
0.133238
0.133403
0.130095
0.129929
0.129929
0.129929
0.129929
0.129929
0.129929
0.129929
0.129929
0.130094
0.12679
0.126625
0.126625
0.126626
0.126626
0.126626
0.126627
0.126627
0.126627
0.126792
0.12349
0.123325
0.123325
0.123325
0.123325
0.123325
0.123325
0.123324
0.123324
0.123489
0.120032
0.119867
0.119867
0.119867
0.119867
0.119867
0.119867
0.119866
0.119866
0.12003
0.116745
0.116581
0.116581
0.116582
0.116582
0.116582
0.116582
0.116583
0.116583
0.116747
0.113464
0.1133
0.1133
0.1133
0.1133
0.1133
0.1133
0.1133
0.1133
0.113464
0.110189
0.110025
0.110025
0.110024
0.110024
0.110024
0.110024
0.110023
0.110023
0.110187
0.106757
0.106594
0.106594
0.106594
0.106595
0.106595
0.106595
0.106595
0.106595
0.106758
0.103495
0.103332
0.103332
0.103333
0.103333
0.103333
0.103333
0.103333
0.103333
0.103496
0.10024
0.100077
0.100077
0.100077
0.100076
0.100076
0.100076
0.100076
0.100076
0.100238
0.0968295
0.0966674
0.0966675
0.0966676
0.0966677
0.0966678
0.0966679
0.0966679
0.096668
0.09683
0.0935884
0.0934267
0.0934269
0.0934271
0.0934272
0.0934273
0.0934275
0.0934276
0.0934277
0.0935897
0.0903543
0.0901926
0.0901924
0.0901922
0.0901919
0.0901917
0.0901915
0.0901913
0.0901911
0.0903526
0.0871274
0.0869662
0.0869662
0.0869661
0.0869661
0.0869661
0.086966
0.086966
0.0869659
0.0871268
0.0837469
0.0835863
0.0835865
0.0835867
0.0835869
0.0835871
0.0835872
0.0835873
0.0835874
0.0837484
0.080535
0.0803744
0.0803743
0.0803741
0.080374
0.0803738
0.0803737
0.0803735
0.0803734
0.0805338
0.0773306
0.0771704
0.0771703
0.0771702
0.07717
0.0771699
0.0771698
0.0771697
0.0771696
0.0773294
0.0741338
0.0739743
0.0739745
0.0739747
0.0739748
0.073975
0.0739751
0.0739753
0.0739754
0.074135
0.0707855
0.0706262
0.0706262
0.0706261
0.070626
0.0706259
0.0706259
0.0706258
0.0706257
0.070785
0.0676048
0.0674458
0.0674456
0.0674454
0.0674453
0.0674451
0.0674449
0.0674448
0.0674446
0.0676033
0.0644321
0.0642738
0.0642739
0.064274
0.0642742
0.0642743
0.0642743
0.0642744
0.0642745
0.0644329
0.0612675
0.0611096
0.0611096
0.0611096
0.0611096
0.0611096
0.0611096
0.0611096
0.0611096
0.0612677
0.0579536
0.0577959
0.0577957
0.0577955
0.0577953
0.0577951
0.0577949
0.0577947
0.0577946
0.057952
0.0548061
0.054649
0.0546491
0.0546491
0.0546492
0.0546492
0.0546492
0.0546492
0.0546493
0.0548063
0.0516671
0.0515105
0.0515105
0.0515106
0.0515107
0.0515107
0.0515108
0.0515108
0.0515108
0.0516677
0.0485368
0.0483803
0.0483801
0.0483799
0.0483797
0.0483796
0.0483794
0.0483793
0.0483791
0.0485353
0.0452593
0.0451034
0.0451034
0.0451034
0.0451034
0.0451033
0.0451033
0.0451033
0.0451032
0.0452589
0.042147
0.0419917
0.0419918
0.0419919
0.041992
0.041992
0.0419921
0.0419922
0.0419922
0.0421477
0.0390437
0.0388887
0.0388885
0.0388884
0.0388882
0.0388881
0.0388879
0.0388878
0.0388877
0.0390426
0.0359496
0.035795
0.0357949
0.0357947
0.0357946
0.0357945
0.0357944
0.0357944
0.0357943
0.0359486
0.0327106
0.0325567
0.0325568
0.0325569
0.0325569
0.032557
0.0325571
0.0325571
0.0325572
0.0327112
0.0296355
0.0294819
0.0294818
0.0294817
0.0294816
0.0294815
0.0294814
0.0294813
0.0294813
0.0296348
0.0265699
0.0264167
0.0264165
0.0264164
0.0264162
0.0264161
0.0264159
0.0264158
0.0264157
0.0265686
0.0235138
0.0233613
0.0233614
0.0233614
0.0233614
0.0233615
0.0233615
0.0233615
0.0233616
0.0235141
0.0203155
0.0201634
0.0201633
0.0201633
0.0201632
0.0201632
0.0201631
0.0201631
0.020163
0.0203151
0.0172795
0.0171277
0.0171276
0.0171274
0.0171272
0.0171271
0.0171269
0.0171268
0.0171267
0.0172781
0.0142535
0.0141024
0.0141024
0.0141024
0.0141024
0.0141024
0.0141023
0.0141023
0.0141023
0.0142533
0.0112375
0.0110869
0.0110869
0.0110869
0.0110869
0.0110869
0.0110869
0.0110869
0.0110869
0.0112375
0.00808172
0.00793153
0.00793135
0.00793117
0.00793101
0.00793085
0.00793071
0.00793058
0.00793047
0.00808038
0.00508678
0.00493723
0.00493716
0.00493709
0.00493704
0.00493699
0.00493694
0.0049369
0.00493687
0.00508624
0.00210228
0.00195331
0.00195331
0.00195331
0.00195331
0.00195332
0.00195333
0.00195334
0.00195335
0.00210235
-0.000871684
-0.00102028
-0.00102044
-0.00102059
-0.00102074
-0.00102087
-0.00102099
-0.0010211
-0.0010212
-0.000872806
-0.00398284
-0.00413083
-0.00413095
-0.00413106
-0.00413116
-0.00413125
-0.00413134
-0.00413141
-0.00413147
-0.00398373
-0.00693475
-0.00708209
-0.0070821
-0.00708211
-0.00708211
-0.0070821
-0.00708209
-0.00708208
-0.00708207
-0.00693474
-0.00987573
-0.0100226
-0.0100228
-0.0100229
-0.010023
-0.0100231
-0.0100232
-0.0100233
-0.0100234
-0.00987662
-0.0128057
-0.0129521
-0.0129522
-0.0129524
-0.0129525
-0.0129526
-0.0129528
-0.0129529
-0.012953
-0.0128069
-0.0158701
-0.0160157
-0.0160158
-0.0160158
-0.0160158
-0.0160158
-0.0160158
-0.0160158
-0.0160158
-0.0158702
-0.018777
-0.0189222
-0.0189223
-0.0189224
-0.0189225
-0.0189226
-0.0189226
-0.0189227
-0.0189228
-0.0187777
-0.0216726
-0.0218172
-0.0218174
-0.0218176
-0.0218178
-0.0218179
-0.021818
-0.0218182
-0.0218183
-0.0216739
-0.0245566
-0.0247006
-0.0247007
-0.0247007
-0.0247008
-0.0247008
-0.0247009
-0.0247009
-0.0247009
-0.0245571
-0.0275723
-0.0277157
-0.0277158
-0.0277159
-0.027716
-0.027716
-0.0277161
-0.0277161
-0.0277162
-0.0275729
-0.0304325
-0.0305754
-0.0305756
-0.0305757
-0.0305759
-0.0305761
-0.0305762
-0.0305763
-0.0305764
-0.0304338
-0.0332808
-0.033423
-0.0334231
-0.0334232
-0.0334233
-0.0334234
-0.0334234
-0.0334235
-0.0334235
-0.0332815
-0.0361171
-0.0362587
-0.0362588
-0.0362588
-0.0362589
-0.0362589
-0.036259
-0.036259
-0.036259
-0.0361175
-0.0390823
-0.0392233
-0.0392235
-0.0392237
-0.0392239
-0.039224
-0.0392241
-0.0392242
-0.0392243
-0.0390835
-0.0418938
-0.0420342
-0.0420344
-0.0420345
-0.0420346
-0.0420347
-0.0420348
-0.0420349
-0.042035
-0.0418948
-0.044693
-0.0448328
-0.0448328
-0.0448329
-0.044833
-0.044833
-0.0448331
-0.0448331
-0.0448331
-0.0446935
-0.0474799
-0.0476191
-0.0476192
-0.0476194
-0.0476195
-0.0476197
-0.0476198
-0.0476199
-0.0476199
-0.0474809
-0.0503926
-0.0505312
-0.0505313
-0.0505315
-0.0505317
-0.0505318
-0.0505319
-0.050532
-0.0505321
-0.0503938
-0.0531537
-0.0532916
-0.0532917
-0.0532918
-0.0532918
-0.0532919
-0.053292
-0.053292
-0.053292
-0.0531543
-0.0559021
-0.0560394
-0.0560396
-0.0560397
-0.0560398
-0.05604
-0.0560401
-0.0560401
-0.0560402
-0.0559031
-0.0586378
-0.0587744
-0.0587746
-0.0587748
-0.058775
-0.0587751
-0.0587753
-0.0587754
-0.0587755
-0.0586391
-0.0614962
-0.0616321
-0.0616323
-0.0616324
-0.0616325
-0.0616326
-0.0616326
-0.0616327
-0.0616327
-0.061497
-0.0642052
-0.0643405
-0.0643407
-0.0643408
-0.0643409
-0.064341
-0.0643411
-0.0643412
-0.0643412
-0.0642061
-0.0669011
-0.0670358
-0.067036
-0.0670362
-0.0670364
-0.0670365
-0.0670367
-0.0670368
-0.0670369
-0.0669025
-0.0695837
-0.0697177
-0.0697179
-0.069718
-0.0697181
-0.0697182
-0.0697183
-0.0697184
-0.0697185
-0.0695847
-0.0723862
-0.0725194
-0.0725196
-0.0725197
-0.0725198
-0.0725199
-0.07252
-0.07252
-0.0725201
-0.072387
-0.0750413
-0.075174
-0.0751742
-0.0751744
-0.0751746
-0.0751747
-0.0751749
-0.075175
-0.0751751
-0.0750427
-0.077683
-0.0778149
-0.0778151
-0.0778153
-0.0778154
-0.0778156
-0.0778157
-0.0778158
-0.0778158
-0.0776842
-0.080311
-0.0804422
-0.0804423
-0.0804425
-0.0804426
-0.0804427
-0.0804427
-0.0804428
-0.0804428
-0.0803118
-0.0830555
-0.0831861
-0.0831863
-0.0831865
-0.0831867
-0.0831868
-0.083187
-0.0831871
-0.0831872
-0.0830569
-0.0856552
-0.0857851
-0.0857853
-0.0857855
-0.0857857
-0.0857858
-0.0857859
-0.085786
-0.0857861
-0.0856566
-0.088241
-0.0883701
-0.0883702
-0.0883704
-0.0883705
-0.0883706
-0.0883707
-0.0883708
-0.0883708
-0.0882419
-0.0908126
-0.0909411
-0.0909413
-0.0909415
-0.0909416
-0.0909418
-0.0909419
-0.090942
-0.0909421
-0.0908139
-0.0934977
-0.0936254
-0.0936256
-0.0936258
-0.093626
-0.0936262
-0.0936263
-0.0936264
-0.0936265
-0.0934991
-0.0960402
-0.0961672
-0.0961674
-0.0961675
-0.0961677
-0.0961678
-0.0961679
-0.096168
-0.096168
-0.0960413
-0.0985684
-0.0986947
-0.0986949
-0.0986951
-0.0986952
-0.0986954
-0.0986955
-0.0986956
-0.0986956
-0.0985696
-0.101207
-0.101333
-0.101333
-0.101333
-0.101334
-0.101334
-0.101334
-0.101334
-0.101334
-0.101209
-0.103706
-0.103831
-0.103831
-0.103831
-0.103831
-0.103831
-0.103832
-0.103832
-0.103832
-0.103707
-0.10619
-0.106314
-0.106314
-0.106314
-0.106314
-0.106315
-0.106315
-0.106315
-0.106315
-0.106191
-0.108659
-0.108782
-0.108782
-0.108783
-0.108783
-0.108783
-0.108783
-0.108783
-0.108783
-0.10866
-0.111235
-0.111358
-0.111358
-0.111358
-0.111359
-0.111359
-0.111359
-0.111359
-0.111359
-0.111237
-0.113674
-0.113796
-0.113796
-0.113796
-0.113796
-0.113796
-0.113797
-0.113797
-0.113797
-0.113675
-0.116098
-0.116219
-0.116219
-0.116219
-0.116219
-0.116219
-0.11622
-0.11622
-0.11622
-0.116099
-0.118506
-0.118626
-0.118627
-0.118627
-0.118627
-0.118627
-0.118627
-0.118627
-0.118627
-0.118508
-0.121018
-0.121138
-0.121138
-0.121138
-0.121138
-0.121139
-0.121139
-0.121139
-0.121139
-0.12102
-0.123396
-0.123514
-0.123515
-0.123515
-0.123515
-0.123515
-0.123515
-0.123515
-0.123516
-0.123397
-0.125757
-0.125875
-0.125875
-0.125876
-0.125876
-0.125876
-0.125876
-0.125876
-0.125877
-0.125759
-0.128103
-0.128221
-0.128221
-0.128221
-0.128221
-0.128221
-0.128222
-0.128222
-0.128222
-0.128105
-0.13055
-0.130667
-0.130667
-0.130667
-0.130667
-0.130667
-0.130668
-0.130668
-0.130668
-0.130552
-0.132864
-0.13298
-0.13298
-0.132981
-0.132981
-0.132981
-0.132981
-0.132981
-0.132981
-0.132866
-0.135163
-0.135278
-0.135278
-0.135278
-0.135278
-0.135279
-0.135279
-0.135279
-0.135279
-0.135164
-0.137445
-0.137559
-0.13756
-0.13756
-0.13756
-0.13756
-0.13756
-0.137561
-0.137561
-0.137447
-0.139825
-0.139938
-0.139938
-0.139939
-0.139939
-0.139939
-0.139939
-0.139939
-0.13994
-0.139827
-0.142075
-0.142187
-0.142187
-0.142188
-0.142188
-0.142188
-0.142188
-0.142188
-0.142188
-0.142076
-0.144308
-0.14442
-0.14442
-0.14442
-0.144421
-0.144421
-0.144421
-0.144421
-0.144421
-0.14431
-0.146526
-0.146637
-0.146637
-0.146637
-0.146637
-0.146638
-0.146638
-0.146638
-0.146638
-0.146528
-0.148837
-0.148947
-0.148947
-0.148947
-0.148947
-0.148948
-0.148948
-0.148948
-0.148948
-0.148839
-0.151021
-0.15113
-0.15113
-0.15113
-0.151131
-0.151131
-0.151131
-0.151131
-0.151131
-0.151022
-0.153188
-0.153296
-0.153297
-0.153297
-0.153297
-0.153298
-0.153298
-0.153298
-0.153298
-0.15319
-0.155339
-0.155447
-0.155447
-0.155447
-0.155448
-0.155448
-0.155448
-0.155448
-0.155448
-0.155341
-0.15758
-0.157686
-0.157687
-0.157687
-0.157687
-0.157687
-0.157688
-0.157688
-0.157688
-0.157582
-0.159697
-0.159802
-0.159803
-0.159803
-0.159803
-0.159803
-0.159804
-0.159804
-0.159804
-0.159699
-0.161797
-0.161902
-0.161902
-0.161902
-0.161902
-0.161903
-0.161903
-0.161903
-0.161903
-0.161799
-0.16388
-0.163984
-0.163984
-0.163984
-0.163985
-0.163985
-0.163985
-0.163985
-0.163985
-0.163882
-0.166049
-0.166152
-0.166152
-0.166153
-0.166153
-0.166153
-0.166153
-0.166153
-0.166154
-0.166051
-0.168097
-0.168199
-0.1682
-0.1682
-0.1682
-0.168201
-0.168201
-0.168201
-0.168201
-0.168099
-0.170128
-0.17023
-0.17023
-0.17023
-0.170231
-0.170231
-0.170231
-0.170231
-0.170231
-0.17013
-0.172243
-0.172343
-0.172343
-0.172344
-0.172344
-0.172344
-0.172344
-0.172345
-0.172345
-0.172245
-0.174238
-0.174338
-0.174339
-0.174339
-0.174339
-0.174339
-0.17434
-0.17434
-0.17434
-0.174241
-0.176217
-0.176316
-0.176316
-0.176316
-0.176317
-0.176317
-0.176317
-0.176317
-0.176317
-0.176219
-0.178178
-0.178276
-0.178276
-0.178277
-0.178277
-0.178277
-0.178277
-0.178277
-0.178278
-0.17818
-0.180218
-0.180315
-0.180316
-0.180316
-0.180316
-0.180317
-0.180317
-0.180317
-0.180317
-0.180221
-0.182143
-0.18224
-0.18224
-0.18224
-0.182241
-0.182241
-0.182241
-0.182241
-0.182241
-0.182146
-0.184051
-0.184146
-0.184147
-0.184147
-0.184147
-0.184147
-0.184148
-0.184148
-0.184148
-0.184053
-0.185941
-0.186035
-0.186035
-0.186036
-0.186036
-0.186036
-0.186037
-0.186037
-0.186037
-0.185943
-0.187906
-0.187999
-0.188
-0.188
-0.188
-0.188001
-0.188001
-0.188001
-0.188001
-0.187908
-0.189759
-0.189851
-0.189852
-0.189852
-0.189852
-0.189853
-0.189853
-0.189853
-0.189853
-0.189761
-0.191594
-0.191686
-0.191686
-0.191687
-0.191687
-0.191687
-0.191687
-0.191688
-0.191688
-0.191596
-0.193411
-0.193502
-0.193503
-0.193503
-0.193503
-0.193503
-0.193504
-0.193504
-0.193504
-0.193414
-0.1953
-0.19539
-0.19539
-0.195391
-0.195391
-0.195391
-0.195391
-0.195392
-0.195392
-0.195302
-0.19708
-0.197169
-0.197169
-0.19717
-0.19717
-0.19717
-0.197171
-0.197171
-0.197171
-0.197082
-0.198842
-0.19893
-0.19893
-0.198931
-0.198931
-0.198931
-0.198932
-0.198932
-0.198932
-0.198844
-0.200585
-0.200673
-0.200673
-0.200673
-0.200674
-0.200674
-0.200674
-0.200674
-0.200674
-0.200588
-0.202396
-0.202483
-0.202483
-0.202483
-0.202484
-0.202484
-0.202484
-0.202484
-0.202484
-0.202399
-0.204102
-0.204187
-0.204188
-0.204188
-0.204189
-0.204189
-0.204189
-0.204189
-0.204189
-0.204105
-0.20579
-0.205874
-0.205874
-0.205875
-0.205875
-0.205875
-0.205876
-0.205876
-0.205876
-0.205792
-0.207458
-0.207542
-0.207542
-0.207543
-0.207543
-0.207543
-0.207543
-0.207544
-0.207544
-0.207461
-0.209191
-0.209273
-0.209273
-0.209274
-0.209274
-0.209274
-0.209275
-0.209275
-0.209275
-0.209193
-0.210821
-0.210903
-0.210903
-0.210903
-0.210904
-0.210904
-0.210904
-0.210905
-0.210905
-0.210824
-0.212433
-0.212513
-0.212514
-0.212514
-0.212515
-0.212515
-0.212515
-0.212515
-0.212516
-0.212436
-0.214105
-0.214185
-0.214185
-0.214185
-0.214186
-0.214186
-0.214186
-0.214187
-0.214187
-0.214108
-0.215678
-0.215757
-0.215757
-0.215758
-0.215758
-0.215758
-0.215759
-0.215759
-0.215759
-0.215681
-0.217232
-0.21731
-0.217311
-0.217311
-0.217311
-0.217312
-0.217312
-0.217312
-0.217312
-0.217235
-0.218768
-0.218844
-0.218845
-0.218845
-0.218846
-0.218846
-0.218846
-0.218846
-0.218847
-0.21877
-0.220359
-0.220435
-0.220435
-0.220436
-0.220436
-0.220436
-0.220437
-0.220437
-0.220437
-0.220362
-0.221855
-0.22193
-0.22193
-0.221931
-0.221931
-0.221932
-0.221932
-0.221932
-0.221932
-0.221858
-0.223332
-0.223406
-0.223406
-0.223407
-0.223407
-0.223408
-0.223408
-0.223408
-0.223408
-0.223335
-0.22479
-0.224863
-0.224863
-0.224864
-0.224864
-0.224864
-0.224865
-0.224865
-0.224865
-0.224793
-0.2263
-0.226372
-0.226372
-0.226372
-0.226373
-0.226373
-0.226373
-0.226374
-0.226374
-0.226303
-0.227718
-0.227789
-0.227789
-0.22779
-0.22779
-0.22779
-0.227791
-0.227791
-0.227791
-0.227721
-0.229116
-0.229186
-0.229187
-0.229187
-0.229188
-0.229188
-0.229188
-0.229189
-0.229189
-0.229119
-0.230496
-0.230565
-0.230565
-0.230566
-0.230566
-0.230566
-0.230567
-0.230567
-0.230567
-0.230499
-0.231923
-0.231991
-0.231991
-0.231992
-0.231992
-0.231993
-0.231993
-0.231993
-0.231993
-0.231926
-0.233262
-0.233329
-0.23333
-0.23333
-0.23333
-0.233331
-0.233331
-0.233331
-0.233332
-0.233265
-0.234582
-0.234648
-0.234648
-0.234649
-0.234649
-0.234649
-0.23465
-0.23465
-0.23465
-0.234585
-0.235882
-0.235947
-0.235947
-0.235948
-0.235948
-0.235948
-0.235949
-0.235949
-0.235949
-0.235885
-0.237225
-0.237289
-0.23729
-0.23729
-0.237291
-0.237291
-0.237291
-0.237292
-0.237292
-0.237229
-0.238485
-0.238548
-0.238548
-0.238549
-0.238549
-0.23855
-0.23855
-0.23855
-0.23855
-0.238488
-0.239724
-0.239787
-0.239787
-0.239788
-0.239788
-0.239788
-0.239789
-0.239789
-0.239789
-0.239728
-0.241005
-0.241066
-0.241066
-0.241067
-0.241067
-0.241068
-0.241068
-0.241068
-0.241068
-0.241008
-0.242204
-0.242264
-0.242264
-0.242265
-0.242265
-0.242266
-0.242266
-0.242266
-0.242266
-0.242207
-0.243383
-0.243442
-0.243442
-0.243443
-0.243443
-0.243443
-0.243444
-0.243444
-0.243444
-0.243386
-0.244542
-0.2446
-0.2446
-0.244601
-0.244601
-0.244601
-0.244602
-0.244602
-0.244602
-0.244545
-0.245737
-0.245794
-0.245794
-0.245795
-0.245795
-0.245796
-0.245796
-0.245796
-0.245797
-0.24574
-0.246855
-0.246911
-0.246911
-0.246912
-0.246912
-0.246913
-0.246913
-0.246913
-0.246913
-0.246858
-0.247952
-0.248007
-0.248008
-0.248008
-0.248009
-0.248009
-0.24801
-0.24801
-0.24801
-0.247956
-0.24903
-0.249084
-0.249085
-0.249085
-0.249085
-0.249086
-0.249086
-0.249086
-0.249087
-0.249034
-0.25014
-0.250193
-0.250193
-0.250194
-0.250194
-0.250194
-0.250195
-0.250195
-0.250195
-0.250143
-0.251176
-0.251228
-0.251228
-0.251229
-0.251229
-0.25123
-0.25123
-0.25123
-0.25123
-0.251179
-0.252191
-0.252242
-0.252243
-0.252243
-0.252244
-0.252244
-0.252245
-0.252245
-0.252245
-0.252195
-0.253187
-0.253237
-0.253237
-0.253238
-0.253238
-0.253239
-0.253239
-0.253239
-0.25324
-0.253191
-0.25421
-0.254259
-0.254259
-0.25426
-0.25426
-0.254261
-0.254261
-0.254262
-0.254262
-0.254214
-0.255164
-0.255212
-0.255212
-0.255213
-0.255213
-0.255213
-0.255214
-0.255214
-0.255214
-0.255167
-0.256097
-0.256144
-0.256144
-0.256145
-0.256145
-0.256146
-0.256146
-0.256146
-0.256147
-0.256101
-0.25701
-0.257055
-0.257056
-0.257056
-0.257057
-0.257057
-0.257058
-0.257058
-0.257058
-0.257013
-0.257946
-0.25799
-0.257991
-0.257992
-0.257992
-0.257992
-0.257993
-0.257993
-0.257993
-0.25795
-0.258816
-0.25886
-0.258861
-0.258861
-0.258862
-0.258862
-0.258862
-0.258863
-0.258863
-0.25882
-0.259666
-0.259709
-0.25971
-0.25971
-0.259711
-0.259711
-0.259711
-0.259712
-0.259712
-0.25967
-0.260537
-0.260578
-0.260579
-0.260579
-0.26058
-0.26058
-0.260581
-0.260581
-0.260581
-0.260541
-0.261344
-0.261385
-0.261385
-0.261386
-0.261387
-0.261387
-0.261387
-0.261388
-0.261388
-0.261348
-0.262131
-0.262171
-0.262171
-0.262172
-0.262172
-0.262173
-0.262173
-0.262174
-0.262174
-0.262135
-0.262898
-0.262936
-0.262937
-0.262937
-0.262938
-0.262938
-0.262939
-0.262939
-0.262939
-0.262902
-0.26368
-0.263717
-0.263718
-0.263718
-0.263719
-0.263719
-0.26372
-0.26372
-0.26372
-0.263684
-0.264404
-0.26444
-0.264441
-0.264441
-0.264442
-0.264442
-0.264443
-0.264443
-0.264443
-0.264408
-0.265107
-0.265142
-0.265142
-0.265143
-0.265144
-0.265144
-0.265144
-0.265145
-0.265145
-0.265111
-0.265789
-0.265823
-0.265824
-0.265824
-0.265825
-0.265825
-0.265825
-0.265826
-0.265826
-0.265793
-0.266482
-0.266516
-0.266516
-0.266517
-0.266517
-0.266518
-0.266518
-0.266519
-0.266519
-0.266487
-0.267122
-0.267154
-0.267154
-0.267155
-0.267156
-0.267156
-0.267156
-0.267157
-0.267157
-0.267126
-0.26774
-0.267771
-0.267772
-0.267772
-0.267773
-0.267773
-0.267774
-0.267774
-0.267774
-0.267744
-0.268338
-0.268368
-0.268368
-0.268369
-0.268369
-0.26837
-0.26837
-0.268371
-0.268371
-0.268342
-0.268942
-0.268971
-0.268972
-0.268973
-0.268973
-0.268974
-0.268974
-0.268974
-0.268975
-0.268947
-0.269497
-0.269525
-0.269525
-0.269526
-0.269527
-0.269527
-0.269528
-0.269528
-0.269528
-0.269501
-0.27003
-0.270057
-0.270058
-0.270059
-0.270059
-0.27006
-0.27006
-0.27006
-0.270061
-0.270035
-0.270543
-0.270569
-0.270569
-0.27057
-0.270571
-0.270571
-0.270571
-0.270572
-0.270572
-0.270547
-0.271058
-0.271083
-0.271084
-0.271084
-0.271085
-0.271085
-0.271086
-0.271086
-0.271087
-0.271063
-0.271528
-0.271551
-0.271552
-0.271553
-0.271553
-0.271554
-0.271554
-0.271555
-0.271555
-0.271532
-0.271976
-0.271999
-0.271999
-0.272
-0.272001
-0.272001
-0.272001
-0.272002
-0.272002
-0.27198
-0.272424
-0.272446
-0.272446
-0.272447
-0.272447
-0.272448
-0.272448
-0.272449
-0.272449
-0.272428
-0.272829
-0.27285
-0.27285
-0.272851
-0.272851
-0.272852
-0.272852
-0.272853
-0.272853
-0.272834
-0.273213
-0.273232
-0.273233
-0.273234
-0.273234
-0.273235
-0.273235
-0.273236
-0.273236
-0.273217
-0.273576
-0.273594
-0.273595
-0.273595
-0.273596
-0.273596
-0.273597
-0.273597
-0.273598
-0.27358
-0.273934
-0.273951
-0.273952
-0.273952
-0.273953
-0.273954
-0.273954
-0.273954
-0.273955
-0.273938
-0.274253
-0.274269
-0.27427
-0.274271
-0.274271
-0.274272
-0.274272
-0.274273
-0.274273
-0.274258
-0.274551
-0.274567
-0.274567
-0.274568
-0.274568
-0.274569
-0.274569
-0.27457
-0.27457
-0.274556
-0.274828
-0.274843
-0.274843
-0.274844
-0.274844
-0.274845
-0.274845
-0.274846
-0.274846
-0.274833
-0.275096
-0.275109
-0.27511
-0.275111
-0.275111
-0.275112
-0.275112
-0.275113
-0.275113
-0.275101
-0.27533
-0.275342
-0.275343
-0.275343
-0.275344
-0.275344
-0.275345
-0.275345
-0.275346
-0.275335
-0.275542
-0.275553
-0.275554
-0.275555
-0.275555
-0.275556
-0.275556
-0.275557
-0.275557
-0.275547
-0.275733
-0.275743
-0.275744
-0.275745
-0.275745
-0.275746
-0.275746
-0.275747
-0.275747
-0.275738
-0.275911
-0.27592
-0.275921
-0.275921
-0.275922
-0.275922
-0.275923
-0.275923
-0.275924
-0.275916
-0.276059
-0.276066
-0.276067
-0.276068
-0.276068
-0.276069
-0.276069
-0.27607
-0.27607
-0.276064
-0.276185
-0.276192
-0.276192
-0.276193
-0.276194
-0.276194
-0.276195
-0.276195
-0.276195
-0.27619
-0.276295
-0.2763
-0.276301
-0.276302
-0.276302
-0.276303
-0.276303
-0.276304
-0.276304
-0.2763
-0.276378
-0.276382
-0.276383
-0.276383
-0.276384
-0.276385
-0.276385
-0.276386
-0.276386
-0.276383
-0.276439
-0.276442
-0.276443
-0.276444
-0.276444
-0.276445
-0.276446
-0.276446
-0.276446
-0.276444
-0.276479
-0.276482
-0.276482
-0.276483
-0.276484
-0.276484
-0.276485
-0.276485
-0.276485
-0.276484
-0.276499
-0.2765
-0.276501
-0.276501
-0.276502
-0.276502
-0.276503
-0.276503
-0.276504
-0.276504
-0.276495
-0.276495
-0.276496
-0.276497
-0.276497
-0.276498
-0.276499
-0.276499
-0.276499
-0.2765
-0.276471
-0.27647
-0.27647
-0.276471
-0.276472
-0.276472
-0.276473
-0.276473
-0.276474
-0.276476
-0.276425
-0.276423
-0.276423
-0.276424
-0.276425
-0.276425
-0.276426
-0.276426
-0.276427
-0.27643
-0.276354
-0.276351
-0.276351
-0.276352
-0.276353
-0.276353
-0.276354
-0.276354
-0.276355
-0.276359
-0.276264
-0.27626
-0.276261
-0.276261
-0.276262
-0.276263
-0.276263
-0.276264
-0.276264
-0.276269
-0.276153
-0.276148
-0.276149
-0.27615
-0.27615
-0.276151
-0.276151
-0.276152
-0.276152
-0.276159
-0.276021
-0.276015
-0.276016
-0.276017
-0.276017
-0.276018
-0.276018
-0.276019
-0.276019
-0.276027
-0.27586
-0.275853
-0.275853
-0.275854
-0.275855
-0.275855
-0.275856
-0.275856
-0.275857
-0.275865
-0.275684
-0.275676
-0.275677
-0.275677
-0.275678
-0.275679
-0.275679
-0.27568
-0.27568
-0.27569
-0.275488
-0.275478
-0.275479
-0.27548
-0.27548
-0.275481
-0.275481
-0.275482
-0.275482
-0.275493
-0.27527
-0.275259
-0.27526
-0.275261
-0.275261
-0.275262
-0.275262
-0.275263
-0.275263
-0.275275
-0.275018
-0.275006
-0.275007
-0.275008
-0.275008
-0.275009
-0.27501
-0.27501
-0.27501
-0.275023
-0.274756
-0.274744
-0.274745
-0.274745
-0.274746
-0.274747
-0.274747
-0.274748
-0.274748
-0.274762
-0.274474
-0.27446
-0.274461
-0.274462
-0.274462
-0.274463
-0.274463
-0.274464
-0.274464
-0.274479
-0.274154
-0.274139
-0.27414
-0.274141
-0.274141
-0.274142
-0.274143
-0.274143
-0.274143
-0.27416
-0.273828
-0.273812
-0.273813
-0.273814
-0.273814
-0.273815
-0.273815
-0.273816
-0.273816
-0.273834
-0.273481
-0.273464
-0.273465
-0.273465
-0.273466
-0.273467
-0.273467
-0.273468
-0.273468
-0.273486
-0.273112
-0.273094
-0.273095
-0.273096
-0.273097
-0.273097
-0.273098
-0.273098
-0.273099
-0.273118
-0.272703
-0.272684
-0.272684
-0.272685
-0.272686
-0.272687
-0.272687
-0.272688
-0.272688
-0.272708
-0.272291
-0.272271
-0.272272
-0.272272
-0.272273
-0.272274
-0.272274
-0.272275
-0.272275
-0.272297
-0.271858
-0.271837
-0.271838
-0.271839
-0.271839
-0.27184
-0.27184
-0.271841
-0.271841
-0.271864
-0.271404
-0.271382
-0.271383
-0.271384
-0.271384
-0.271385
-0.271386
-0.271386
-0.271386
-0.27141
-0.270905
-0.270882
-0.270883
-0.270883
-0.270884
-0.270885
-0.270885
-0.270886
-0.270886
-0.270911
-0.270408
-0.270384
-0.270384
-0.270385
-0.270386
-0.270386
-0.270387
-0.270388
-0.270388
-0.270414
-0.26989
-0.269864
-0.269865
-0.269866
-0.269867
-0.269867
-0.269868
-0.269868
-0.269869
-0.269896
-0.269351
-0.269324
-0.269325
-0.269326
-0.269327
-0.269327
-0.269328
-0.269328
-0.269329
-0.269356
-0.268762
-0.268734
-0.268735
-0.268736
-0.268737
-0.268737
-0.268738
-0.268738
-0.268739
-0.268768
-0.26818
-0.268151
-0.268152
-0.268153
-0.268154
-0.268154
-0.268155
-0.268155
-0.268156
-0.268186
-0.267577
-0.267547
-0.267548
-0.267549
-0.267549
-0.26755
-0.267551
-0.267551
-0.267552
-0.267583
-0.266921
-0.26689
-0.266891
-0.266892
-0.266893
-0.266893
-0.266894
-0.266894
-0.266895
-0.266927
-0.266275
-0.266243
-0.266244
-0.266245
-0.266246
-0.266246
-0.266247
-0.266247
-0.266248
-0.266281
-0.265608
-0.265575
-0.265576
-0.265577
-0.265578
-0.265578
-0.265579
-0.26558
-0.26558
-0.265614
-0.264921
-0.264887
-0.264888
-0.264888
-0.264889
-0.26489
-0.26489
-0.264891
-0.264891
-0.264927
-0.264176
-0.264141
-0.264142
-0.264143
-0.264144
-0.264144
-0.264145
-0.264145
-0.264146
-0.264182
-0.263446
-0.26341
-0.263411
-0.263412
-0.263412
-0.263413
-0.263413
-0.263414
-0.263414
-0.263452
-0.262695
-0.262658
-0.262659
-0.262659
-0.26266
-0.262661
-0.262661
-0.262662
-0.262662
-0.262701
-0.261923
-0.261885
-0.261886
-0.261887
-0.261887
-0.261888
-0.261889
-0.261889
-0.261889
-0.261929
-0.26109
-0.261051
-0.261052
-0.261053
-0.261054
-0.261054
-0.261055
-0.261055
-0.261056
-0.261096
-0.260276
-0.260236
-0.260237
-0.260238
-0.260238
-0.260239
-0.26024
-0.26024
-0.26024
-0.260282
-0.259441
-0.2594
-0.259401
-0.259402
-0.259402
-0.259403
-0.259404
-0.259404
-0.259405
-0.259447
-0.258586
-0.258543
-0.258544
-0.258545
-0.258546
-0.258547
-0.258547
-0.258548
-0.258548
-0.258592
-0.257665
-0.257622
-0.257623
-0.257624
-0.257624
-0.257625
-0.257626
-0.257626
-0.257627
-0.257671
-0.256768
-0.256723
-0.256724
-0.256725
-0.256726
-0.256726
-0.256727
-0.256728
-0.256728
-0.256774
-0.25585
-0.255804
-0.255805
-0.255806
-0.255807
-0.255807
-0.255808
-0.255808
-0.255809
-0.255856
-0.254911
-0.254864
-0.254865
-0.254866
-0.254867
-0.254868
-0.254868
-0.254869
-0.254869
-0.254917
-0.253903
-0.253856
-0.253857
-0.253858
-0.253858
-0.253859
-0.25386
-0.25386
-0.253861
-0.253909
-0.252923
-0.252874
-0.252875
-0.252876
-0.252877
-0.252877
-0.252878
-0.252879
-0.252879
-0.252929
-0.251922
-0.251872
-0.251873
-0.251874
-0.251875
-0.251876
-0.251876
-0.251877
-0.251877
-0.251928
-0.250849
-0.250799
-0.2508
-0.2508
-0.250801
-0.250802
-0.250802
-0.250803
-0.250803
-0.250855
-0.249807
-0.249755
-0.249756
-0.249757
-0.249758
-0.249758
-0.249759
-0.249759
-0.24976
-0.249813
-0.248744
-0.248691
-0.248692
-0.248693
-0.248694
-0.248695
-0.248695
-0.248696
-0.248696
-0.24875
-0.247661
-0.247608
-0.247608
-0.247609
-0.24761
-0.247611
-0.247611
-0.247612
-0.247612
-0.247667
-0.246502
-0.246448
-0.246449
-0.246449
-0.24645
-0.246451
-0.246452
-0.246452
-0.246453
-0.246509
-0.245378
-0.245323
-0.245323
-0.245324
-0.245325
-0.245326
-0.245326
-0.245327
-0.245327
-0.245384
-0.244234
-0.244177
-0.244178
-0.244179
-0.24418
-0.24418
-0.244181
-0.244182
-0.244182
-0.24424
-0.24307
-0.243012
-0.243013
-0.243014
-0.243014
-0.243015
-0.243016
-0.243016
-0.243017
-0.243076
-0.241826
-0.241767
-0.241768
-0.241769
-0.241769
-0.24177
-0.241771
-0.241771
-0.241772
-0.241832
-0.24062
-0.240561
-0.240562
-0.240562
-0.240563
-0.240564
-0.240565
-0.240565
-0.240566
-0.240627
-0.239395
-0.239335
-0.239336
-0.239336
-0.239337
-0.239338
-0.239338
-0.239339
-0.239339
-0.239402
-0.23815
-0.238089
-0.23809
-0.23809
-0.238091
-0.238092
-0.238092
-0.238093
-0.238094
-0.238157
-0.236822
-0.236759
-0.23676
-0.236761
-0.236762
-0.236762
-0.236763
-0.236763
-0.236764
-0.236828
-0.235536
-0.235473
-0.235474
-0.235474
-0.235475
-0.235476
-0.235476
-0.235477
-0.235478
-0.235543
-0.234231
-0.234166
-0.234167
-0.234168
-0.234169
-0.23417
-0.23417
-0.234171
-0.234171
-0.234238
-0.232906
-0.232841
-0.232842
-0.232842
-0.232843
-0.232844
-0.232845
-0.232845
-0.232846
-0.232913
-0.231494
-0.231427
-0.231428
-0.231429
-0.23143
-0.231431
-0.231431
-0.231432
-0.231432
-0.231501
-0.230129
-0.230062
-0.230062
-0.230063
-0.230064
-0.230065
-0.230065
-0.230066
-0.230066
-0.230136
-0.228745
-0.228676
-0.228677
-0.228678
-0.228679
-0.228679
-0.22868
-0.228681
-0.228681
-0.228751
-0.22727
-0.227201
-0.227201
-0.227202
-0.227203
-0.227204
-0.227204
-0.227205
-0.227205
-0.227277
-0.225846
-0.225775
-0.225776
-0.225777
-0.225778
-0.225779
-0.225779
-0.22578
-0.22578
-0.225852
-0.224402
-0.224331
-0.224332
-0.224333
-0.224333
-0.224334
-0.224335
-0.224335
-0.224336
-0.224409
-0.22294
-0.222867
-0.222868
-0.222869
-0.22287
-0.22287
-0.222871
-0.222871
-0.222872
-0.222946
-0.221383
-0.221309
-0.22131
-0.221311
-0.221312
-0.221313
-0.221313
-0.221314
-0.221314
-0.221389
-0.219881
-0.219806
-0.219807
-0.219808
-0.219809
-0.21981
-0.21981
-0.219811
-0.219811
-0.219887
-0.21836
-0.218284
-0.218285
-0.218286
-0.218287
-0.218287
-0.218288
-0.218289
-0.218289
-0.218366
-0.216819
-0.216743
-0.216744
-0.216745
-0.216745
-0.216746
-0.216747
-0.216747
-0.216748
-0.216826
-0.215182
-0.215104
-0.215105
-0.215106
-0.215107
-0.215107
-0.215108
-0.215109
-0.215109
-0.215188
-0.213602
-0.213524
-0.213525
-0.213526
-0.213527
-0.213527
-0.213528
-0.213529
-0.213529
-0.213609
-0.212004
-0.211925
-0.211926
-0.211927
-0.211928
-0.211928
-0.211929
-0.21193
-0.21193
-0.212011
-0.210388
-0.210307
-0.210308
-0.210309
-0.21031
-0.210311
-0.210311
-0.210312
-0.210312
-0.210394
-0.20867
-0.208589
-0.20859
-0.20859
-0.208591
-0.208592
-0.208593
-0.208593
-0.208594
-0.208676
-0.207015
-0.206933
-0.206934
-0.206934
-0.206935
-0.206936
-0.206936
-0.206937
-0.206938
-0.207021
-0.205341
-0.205258
-0.205259
-0.20526
-0.20526
-0.205261
-0.205262
-0.205262
-0.205263
-0.205347
-0.203649
-0.203565
-0.203566
-0.203567
-0.203567
-0.203568
-0.203569
-0.203569
-0.20357
-0.203655
-0.201852
-0.201767
-0.201768
-0.201769
-0.20177
-0.20177
-0.201771
-0.201771
-0.201772
-0.201858
-0.200122
-0.200036
-0.200037
-0.200038
-0.200039
-0.200039
-0.20004
-0.20004
-0.200041
-0.200128
-0.198374
-0.198287
-0.198288
-0.198288
-0.198289
-0.19829
-0.198291
-0.198291
-0.198292
-0.19838
-0.196518
-0.19643
-0.196431
-0.196432
-0.196433
-0.196433
-0.196434
-0.196435
-0.196435
-0.196524
-0.194732
-0.194643
-0.194644
-0.194645
-0.194646
-0.194647
-0.194647
-0.194648
-0.194648
-0.194739
-0.192928
-0.192839
-0.19284
-0.19284
-0.192841
-0.192842
-0.192843
-0.192843
-0.192844
-0.192935
-0.191106
-0.191016
-0.191017
-0.191017
-0.191018
-0.191019
-0.19102
-0.19102
-0.191021
-0.191113
-0.189174
-0.189082
-0.189083
-0.189084
-0.189085
-0.189086
-0.189086
-0.189087
-0.189087
-0.18918
-0.187315
-0.187223
-0.187224
-0.187224
-0.187225
-0.187226
-0.187226
-0.187227
-0.187228
-0.187321
-0.185438
-0.185345
-0.185346
-0.185347
-0.185348
-0.185348
-0.185349
-0.185349
-0.18535
-0.185445
-0.183544
-0.18345
-0.183451
-0.183451
-0.183452
-0.183453
-0.183454
-0.183454
-0.183455
-0.18355
-0.181536
-0.181441
-0.181441
-0.181442
-0.181443
-0.181444
-0.181444
-0.181445
-0.181445
-0.181542
-0.179605
-0.179509
-0.17951
-0.179511
-0.179512
-0.179512
-0.179513
-0.179513
-0.179514
-0.179611
-0.177657
-0.17756
-0.177561
-0.177562
-0.177562
-0.177563
-0.177564
-0.177564
-0.177565
-0.177663
-0.175691
-0.175593
-0.175594
-0.175595
-0.175596
-0.175597
-0.175597
-0.175598
-0.175598
-0.175697
-0.173608
-0.17351
-0.173511
-0.173511
-0.173512
-0.173513
-0.173514
-0.173514
-0.173515
-0.173615
-0.171607
-0.171507
-0.171508
-0.171509
-0.17151
-0.171511
-0.171511
-0.171512
-0.171512
-0.171613
-0.169588
-0.169488
-0.169489
-0.16949
-0.169491
-0.169491
-0.169492
-0.169492
-0.169493
-0.169595
-0.167553
-0.167451
-0.167452
-0.167453
-0.167454
-0.167455
-0.167455
-0.167456
-0.167456
-0.167559
-0.165397
-0.165295
-0.165296
-0.165296
-0.165297
-0.165298
-0.165299
-0.165299
-0.1653
-0.165403
-0.163326
-0.163223
-0.163224
-0.163225
-0.163226
-0.163226
-0.163227
-0.163228
-0.163228
-0.163332
-0.161238
-0.161135
-0.161136
-0.161136
-0.161137
-0.161138
-0.161138
-0.161139
-0.16114
-0.161245
-0.159134
-0.159029
-0.15903
-0.159031
-0.159032
-0.159033
-0.159033
-0.159034
-0.159034
-0.15914
-0.156906
-0.156801
-0.156802
-0.156802
-0.156803
-0.156804
-0.156805
-0.156805
-0.156806
-0.156913
-0.154767
-0.154661
-0.154662
-0.154663
-0.154664
-0.154664
-0.154665
-0.154665
-0.154666
-0.154774
-0.152612
-0.152505
-0.152506
-0.152507
-0.152507
-0.152508
-0.152509
-0.152509
-0.15251
-0.152618
-0.150331
-0.150223
-0.150224
-0.150225
-0.150226
-0.150226
-0.150227
-0.150227
-0.150228
-0.150337
-0.148142
-0.148033
-0.148034
-0.148035
-0.148036
-0.148036
-0.148037
-0.148038
-0.148038
-0.148148
-0.145937
-0.145827
-0.145828
-0.145829
-0.145829
-0.14583
-0.145831
-0.145831
-0.145832
-0.145943
-0.143715
-0.143604
-0.143605
-0.143606
-0.143607
-0.143607
-0.143608
-0.143609
-0.143609
-0.143721
-0.141365
-0.141253
-0.141254
-0.141255
-0.141256
-0.141256
-0.141257
-0.141257
-0.141258
-0.141371
-0.13911
-0.138998
-0.138998
-0.138999
-0.139
-0.139001
-0.139001
-0.139002
-0.139002
-0.139116
-0.136839
-0.136726
-0.136727
-0.136728
-0.136728
-0.136729
-0.13673
-0.13673
-0.136731
-0.136845
-0.134552
-0.134438
-0.134439
-0.13444
-0.134441
-0.134441
-0.134442
-0.134443
-0.134443
-0.134558
-0.132134
-0.132019
-0.13202
-0.132021
-0.132022
-0.132022
-0.132023
-0.132024
-0.132024
-0.13214
-0.129815
-0.129699
-0.1297
-0.129701
-0.129702
-0.129703
-0.129703
-0.129704
-0.129704
-0.129821
-0.12748
-0.127364
-0.127365
-0.127366
-0.127366
-0.127367
-0.127368
-0.127368
-0.127369
-0.127486
-0.12513
-0.125013
-0.125014
-0.125014
-0.125015
-0.125016
-0.125016
-0.125017
-0.125017
-0.125136
-0.122645
-0.122527
-0.122528
-0.122529
-0.12253
-0.122531
-0.122531
-0.122532
-0.122532
-0.122651
-0.120263
-0.120145
-0.120146
-0.120146
-0.120147
-0.120148
-0.120148
-0.120149
-0.120149
-0.120269
-0.117866
-0.117747
-0.117748
-0.117748
-0.117749
-0.11775
-0.11775
-0.117751
-0.117751
-0.117872
-0.115454
-0.115334
-0.115334
-0.115335
-0.115336
-0.115337
-0.115337
-0.115338
-0.115338
-0.11546
-0.112904
-0.112784
-0.112784
-0.112785
-0.112786
-0.112787
-0.112787
-0.112788
-0.112788
-0.11291
-0.110461
-0.11034
-0.11034
-0.110341
-0.110342
-0.110343
-0.110343
-0.110344
-0.110344
-0.110467
-0.108003
-0.107881
-0.107881
-0.107882
-0.107883
-0.107884
-0.107884
-0.107885
-0.107885
-0.108009
-0.10553
-0.105407
-0.105408
-0.105409
-0.105409
-0.10541
-0.105411
-0.105411
-0.105411
-0.105536
-0.102918
-0.102794
-0.102795
-0.102795
-0.102796
-0.102797
-0.102797
-0.102798
-0.102798
-0.102923
-0.100414
-0.10029
-0.100291
-0.100292
-0.100292
-0.100293
-0.100293
-0.100294
-0.100294
-0.10042
-0.0978969
-0.0977716
-0.0977724
-0.0977732
-0.0977739
-0.0977746
-0.0977752
-0.0977757
-0.0977761
-0.0979027
-0.0953649
-0.0952389
-0.0952397
-0.0952405
-0.0952412
-0.0952418
-0.0952424
-0.0952429
-0.0952434
-0.0953707
-0.0926909
-0.0925641
-0.092565
-0.0925657
-0.0925664
-0.0925671
-0.0925677
-0.0925682
-0.0925686
-0.0926967
-0.0901297
-0.0900021
-0.090003
-0.0900038
-0.0900045
-0.0900051
-0.0900057
-0.0900062
-0.0900066
-0.0901354
-0.0875543
-0.0874261
-0.0874269
-0.0874277
-0.0874284
-0.087429
-0.0874296
-0.0874301
-0.0874305
-0.08756
-0.0849649
-0.0848359
-0.0848368
-0.0848375
-0.0848382
-0.0848389
-0.0848394
-0.0848399
-0.0848404
-0.0849706
-0.082231
-0.0821013
-0.0821022
-0.0821029
-0.0821036
-0.0821043
-0.0821048
-0.0821053
-0.0821058
-0.0822367
-0.0796131
-0.0794828
-0.0794836
-0.0794844
-0.0794851
-0.0794857
-0.0794863
-0.0794868
-0.0794872
-0.0796188
-0.0769816
-0.0768505
-0.0768513
-0.0768521
-0.0768528
-0.0768534
-0.076854
-0.0768545
-0.0768549
-0.0769872
-0.0743364
-0.0742046
-0.0742055
-0.0742062
-0.0742069
-0.0742075
-0.0742081
-0.0742086
-0.074209
-0.0743419
-0.0715443
-0.0714119
-0.0714127
-0.0714135
-0.0714142
-0.0714148
-0.0714153
-0.0714158
-0.0714163
-0.0715499
-0.0688715
-0.0687384
-0.0687393
-0.06874
-0.0687407
-0.0687413
-0.0687418
-0.0687423
-0.0687427
-0.0688771
-0.0661854
-0.0660517
-0.0660525
-0.0660532
-0.0660539
-0.0660545
-0.066055
-0.0660555
-0.0660559
-0.0661909
-0.0634861
-0.0633517
-0.0633525
-0.0633532
-0.0633539
-0.0633545
-0.063355
-0.0633555
-0.0633559
-0.0634916
-0.0606377
-0.0605026
-0.0605034
-0.0605041
-0.0605048
-0.0605054
-0.0605059
-0.0605064
-0.0605068
-0.0606431
-0.0579116
-0.0577759
-0.0577766
-0.0577774
-0.057778
-0.0577786
-0.0577792
-0.0577796
-0.0577801
-0.057917
-0.0551726
-0.0550362
-0.055037
-0.0550377
-0.0550384
-0.055039
-0.0550395
-0.05504
-0.0550404
-0.055178
-0.052283
-0.0521459
-0.0521467
-0.0521474
-0.052148
-0.0521486
-0.0521492
-0.0521496
-0.05215
-0.0522883
-0.0495179
-0.0493802
-0.049381
-0.0493817
-0.0493823
-0.0493829
-0.0493834
-0.0493839
-0.0493843
-0.0495232
-0.0467403
-0.0466019
-0.0466027
-0.0466034
-0.046604
-0.0466046
-0.0466052
-0.0466056
-0.046606
-0.0467455
-0.0439502
-0.0438112
-0.043812
-0.0438127
-0.0438133
-0.0438139
-0.0438144
-0.0438149
-0.0438153
-0.0439554
-0.0410073
-0.0408676
-0.0408684
-0.0408691
-0.0408698
-0.0408703
-0.0408708
-0.0408713
-0.0408717
-0.0410125
-0.038192
-0.0380517
-0.0380525
-0.0380532
-0.0380538
-0.0380544
-0.0380549
-0.0380554
-0.0380557
-0.0381971
-0.0353645
-0.0352237
-0.0352244
-0.0352251
-0.0352257
-0.0352263
-0.0352268
-0.0352273
-0.0352277
-0.0353697
-0.032525
-0.0323836
-0.0323843
-0.032385
-0.0323857
-0.0323862
-0.0323867
-0.0323872
-0.0323876
-0.0325302
-0.0295308
-0.0293887
-0.0293894
-0.0293901
-0.0293908
-0.0293913
-0.0293918
-0.0293923
-0.0293926
-0.0295359
-0.026667
-0.0265243
-0.0265251
-0.0265257
-0.0265264
-0.0265269
-0.0265274
-0.0265279
-0.0265282
-0.026672
-0.0237915
-0.0236483
-0.023649
-0.0236497
-0.0236503
-0.0236509
-0.0236513
-0.0236518
-0.0236522
-0.0237965
-0.0209045
-0.0207606
-0.0207614
-0.020762
-0.0207626
-0.0207632
-0.0207637
-0.0207641
-0.0207645
-0.0209094
-0.0178607
-0.0177163
-0.017717
-0.0177177
-0.0177183
-0.0177188
-0.0177193
-0.0177197
-0.0177201
-0.0178656
-0.0149503
-0.0148053
-0.014806
-0.0148066
-0.0148072
-0.0148078
-0.0148083
-0.0148087
-0.0148091
-0.0149552
-0.0120286
-0.011883
-0.0118837
-0.0118844
-0.011885
-0.0118855
-0.011886
-0.0118864
-0.0118868
-0.0120334
-0.00909576
-0.00894963
-0.00895034
-0.00895099
-0.00895158
-0.00895212
-0.00895259
-0.00895301
-0.00895337
-0.00910057
-0.00600445
-0.00585773
-0.00585844
-0.00585908
-0.00585967
-0.0058602
-0.00586067
-0.00586109
-0.00586144
-0.00600922
-0.00304916
-0.0029019
-0.0029026
-0.00290324
-0.00290383
-0.00290435
-0.00290482
-0.00290523
-0.00290558
-0.00305389
-8.30966e-05
6.47086e-05
6.40137e-05
6.33769e-05
6.2798e-05
6.22772e-05
6.18145e-05
6.14097e-05
6.1063e-05
-8.77861e-05
0.00289362
0.00304196
0.00304127
0.00304064
0.00304007
0.00303955
0.00303909
0.00303869
0.00303835
0.00288898
0.00603049
0.00617939
0.0061787
0.00617808
0.00617751
0.006177
0.00617654
0.00617615
0.00617581
0.00602589
0.00902864
0.00917806
0.00917738
0.00917676
0.0091762
0.00917569
0.00917524
0.00917485
0.00917451
0.00902408
0.0120371
0.012187
0.0121863
0.0121857
0.0121852
0.0121846
0.0121842
0.0121838
0.0121835
0.0120325
0.0150557
0.0152061
0.0152054
0.0152048
0.0152043
0.0152038
0.0152033
0.0152029
0.0152026
0.0150512
0.018236
0.0183869
0.0183863
0.0183857
0.0183851
0.0183846
0.0183842
0.0183838
0.0183835
0.0182315
0.021275
0.0214265
0.0214258
0.0214252
0.0214247
0.0214242
0.0214238
0.0214234
0.0214231
0.0212706
0.0243239
0.0244758
0.0244752
0.0244746
0.024474
0.0244736
0.0244731
0.0244728
0.0244725
0.0243195
0.0273824
0.0275349
0.0275342
0.0275336
0.0275331
0.0275326
0.0275322
0.0275318
0.0275315
0.0273781
0.0306042
0.0307571
0.0307565
0.0307559
0.0307554
0.0307549
0.0307545
0.0307541
0.0307538
0.0305999
0.0336822
0.0338356
0.033835
0.0338344
0.0338339
0.0338334
0.033833
0.0338326
0.0338323
0.033678
0.0367695
0.0369234
0.0369228
0.0369222
0.0369217
0.0369212
0.0369208
0.0369205
0.0369202
0.0367654
0.0398661
0.0400204
0.0400198
0.0400192
0.0400187
0.0400183
0.0400179
0.0400175
0.0400172
0.0398619
0.0431272
0.0432821
0.0432815
0.0432809
0.0432804
0.0432799
0.0432795
0.0432792
0.0432789
0.0431231
0.0462423
0.0463976
0.046397
0.0463964
0.0463959
0.0463955
0.0463951
0.0463947
0.0463944
0.0462382
0.0493662
0.0495219
0.0495213
0.0495207
0.0495202
0.0495198
0.0495194
0.0495191
0.0495188
0.0493622
0.0524988
0.0526549
0.0526543
0.0526538
0.0526533
0.0526529
0.0526525
0.0526522
0.0526519
0.0524948
0.0557972
0.0559539
0.0559533
0.0559528
0.0559523
0.0559518
0.0559515
0.0559511
0.0559509
0.0557934
0.0589473
0.0591044
0.0591038
0.0591033
0.0591028
0.0591024
0.059102
0.0591017
0.0591014
0.0589435
0.0621058
0.0622633
0.0622627
0.0622622
0.0622617
0.0622613
0.0622609
0.0622606
0.0622603
0.062102
0.0652725
0.0654304
0.0654298
0.0654293
0.0654288
0.0654284
0.065428
0.0654277
0.0654275
0.0652687
0.0686062
0.0687645
0.068764
0.0687635
0.068763
0.0687626
0.0687622
0.0687619
0.0687617
0.0686025
0.0717894
0.0719481
0.0719475
0.071947
0.0719466
0.0719462
0.0719458
0.0719455
0.0719453
0.0717857
0.0749804
0.0751395
0.075139
0.0751385
0.075138
0.0751376
0.0751373
0.075137
0.0751367
0.0749768
0.0781791
0.0783386
0.0783381
0.0783376
0.0783372
0.0783368
0.0783364
0.0783361
0.0783359
0.0781756
0.081546
0.0817059
0.0817054
0.0817049
0.0817044
0.0817041
0.0817037
0.0817034
0.0817032
0.0815425
0.0847602
0.0849205
0.08492
0.0849195
0.0849191
0.0849187
0.0849183
0.0849181
0.0849178
0.0847568
0.0879818
0.0881424
0.0881419
0.0881414
0.088141
0.0881406
0.0881403
0.08814
0.0881398
0.0879784
0.0912105
0.0913716
0.0913711
0.0913706
0.0913702
0.0913698
0.0913695
0.0913692
0.091369
0.0912072
0.0946084
0.0947698
0.0947693
0.0947689
0.0947685
0.0947681
0.0947678
0.0947675
0.0947673
0.0946052
0.0978516
0.0980134
0.0980129
0.0980125
0.0980121
0.0980117
0.0980114
0.0980111
0.0980109
0.0978484
0.101102
0.101264
0.101263
0.101263
0.101262
0.101262
0.101262
0.101262
0.101261
0.101099
0.104359
0.104521
0.10452
0.10452
0.10452
0.104519
0.104519
0.104519
0.104519
0.104355
0.107785
0.107948
0.107948
0.107947
0.107947
0.107946
0.107946
0.107946
0.107946
0.107782
0.111055
0.111219
0.111218
0.111218
0.111217
0.111217
0.111217
0.111216
0.111216
0.111052
0.114332
0.114495
0.114495
0.114495
0.114494
0.114494
0.114494
0.114493
0.114493
0.114329
0.117615
0.117778
0.117778
0.117778
0.117777
0.117777
0.117777
0.117776
0.117776
0.117612
0.121068
0.121232
0.121232
0.121231
0.121231
0.121231
0.12123
0.12123
0.12123
0.121065
0.124363
0.124528
0.124527
0.124527
0.124526
0.124526
0.124526
0.124526
0.124525
0.12436
0.127664
0.127829
0.127828
0.127828
0.127828
0.127827
0.127827
0.127827
0.127827
0.127661
0.130971
0.131136
0.131135
0.131135
0.131135
0.131134
0.131134
0.131134
0.131134
0.130968
0.134449
0.134614
0.134614
0.134613
0.134613
0.134613
0.134612
0.134612
0.134612
0.134446
0.137767
0.137932
0.137932
0.137931
0.137931
0.137931
0.13793
0.13793
0.13793
0.137764
0.14109
0.141256
0.141255
0.141255
0.141255
0.141254
0.141254
0.141254
0.141254
0.141087
0.144585
0.144751
0.14475
0.14475
0.14475
0.144749
0.144749
0.144749
0.144749
0.144582
0.147918
0.148085
0.148084
0.148084
0.148084
0.148083
0.148083
0.148083
0.148083
0.147916
0.151257
0.151424
0.151423
0.151423
0.151423
0.151422
0.151422
0.151422
0.151422
0.151255
0.1546
0.154767
0.154767
0.154767
0.154766
0.154766
0.154766
0.154766
0.154766
0.154598
0.158116
0.158283
0.158283
0.158282
0.158282
0.158282
0.158282
0.158282
0.158281
0.158114
0.161469
0.161636
0.161636
0.161635
0.161635
0.161635
0.161635
0.161635
0.161635
0.161467
0.164826
0.164994
0.164993
0.164993
0.164993
0.164992
0.164992
0.164992
0.164992
0.164824
0.168188
0.168355
0.168355
0.168355
0.168354
0.168354
0.168354
0.168354
0.168354
0.168186
0.171722
0.17189
0.171889
0.171889
0.171889
0.171888
0.171888
0.171888
0.171888
0.17172
0.175091
0.17526
0.175259
0.175259
0.175259
0.175259
0.175258
0.175258
0.175258
0.175089
0.178465
0.178634
0.178633
0.178633
0.178633
0.178632
0.178632
0.178632
0.178632
0.178463
0.181843
0.182011
0.182011
0.182011
0.18201
0.18201
0.18201
0.18201
0.18201
0.181841
0.185393
0.185562
0.185561
0.185561
0.185561
0.185561
0.18556
0.18556
0.18556
0.185391
0.188777
0.188946
0.188946
0.188946
0.188946
0.188945
0.188945
0.188945
0.188945
0.188776
0.192166
0.192335
0.192334
0.192334
0.192334
0.192334
0.192334
0.192334
0.192333
0.192164
0.195557
0.195726
0.195726
0.195726
0.195725
0.195725
0.195725
0.195725
0.195725
0.195555
0.199121
0.19929
0.19929
0.19929
0.19929
0.19929
0.199289
0.199289
0.199289
0.19912
0.202518
0.202688
0.202688
0.202688
0.202687
0.202687
0.202687
0.202687
0.202687
0.202517
0.205919
0.206088
0.206088
0.206088
0.206088
0.206088
0.206088
0.206087
0.206087
0.205917
0.209322
0.209492
0.209491
0.209491
0.209491
0.209491
0.209491
0.209491
0.209491
0.20932
0.212898
0.213068
0.213067
0.213067
0.213067
0.213067
0.213067
0.213067
0.213067
0.212896
0.216306
0.216476
0.216476
0.216475
0.216475
0.216475
0.216475
0.216475
0.216475
0.216304
0.219716
0.219886
0.219886
0.219886
0.219886
0.219886
0.219885
0.219885
0.219885
0.219715
0.223299
0.22347
0.223469
0.223469
0.223469
0.223469
0.223469
0.223469
0.223469
0.223298
0.226714
0.226884
0.226884
0.226884
0.226884
0.226884
0.226884
0.226884
0.226884
0.226713
0.23013
0.230301
0.230301
0.230301
0.2303
0.2303
0.2303
0.2303
0.2303
0.230129
0.233549
0.233719
0.233719
0.233719
0.233719
0.233719
0.233719
0.233719
0.233719
0.233548
0.237139
0.23731
0.23731
0.23731
0.23731
0.23731
0.23731
0.23731
0.23731
0.237139
0.240561
0.240732
0.240732
0.240731
0.240731
0.240731
0.240731
0.240731
0.240731
0.24056
0.243984
0.244155
0.244154
0.244154
0.244154
0.244154
0.244154
0.244154
0.244154
0.243983
0.247408
0.247579
0.247579
0.247578
0.247578
0.247578
0.247578
0.247578
0.247578
0.247407
0.251004
0.251175
0.251175
0.251175
0.251175
0.251175
0.251175
0.251175
0.251175
0.251004
0.25443
0.254601
0.254601
0.254601
0.254601
0.254601
0.254601
0.254601
0.254601
0.25443
0.257857
0.258028
0.258028
0.258028
0.258028
0.258028
0.258028
0.258028
0.258028
0.257857
0.261285
0.261456
0.261456
0.261456
0.261456
0.261456
0.261456
0.261456
0.261456
0.261284
0.264884
0.265056
0.265056
0.265055
0.265055
0.265055
0.265055
0.265055
0.265055
0.264884
0.268313
0.268484
0.268484
0.268484
0.268484
0.268484
0.268484
0.268484
0.268484
0.268313
0.271742
0.271913
0.271913
0.271913
0.271913
0.271913
0.271913
0.271913
0.271913
0.271742
0.275171
0.275342
0.275342
0.275342
0.275342
0.275342
0.275342
0.275342
0.275342
0.275171
0.278772
0.278943
0.278943
0.278943
0.278943
0.278943
0.278943
0.278943
0.278943
0.278772
0.282201
0.282372
0.282372
0.282372
0.282372
0.282372
0.282372
0.282372
0.282372
0.282201
0.285629
0.285801
0.2858
0.2858
0.2858
0.2858
0.2858
0.285801
0.285801
0.285629
0.289229
0.2894
0.2894
0.2894
0.2894
0.2894
0.2894
0.2894
0.2894
0.289229
0.292657
0.292828
0.292828
0.292828
0.292828
0.292828
0.292828
0.292828
0.292828
0.292657
0.296084
0.296255
0.296255
0.296255
0.296255
0.296255
0.296255
0.296255
0.296255
0.296084
0.29951
0.299681
0.299681
0.299681
0.299681
0.299682
0.299682
0.299682
0.299682
0.299511
0.303107
0.303278
0.303278
0.303278
0.303278
0.303278
0.303278
0.303278
0.303279
0.303107
0.306531
0.306702
0.306702
0.306702
0.306702
0.306703
0.306703
0.306703
0.306703
0.306532
0.309954
0.310126
0.310126
0.310126
0.310126
0.310126
0.310126
0.310126
0.310126
0.309955
0.313376
0.313547
0.313547
0.313547
0.313547
0.313547
0.313548
0.313548
0.313548
0.313377
0.316968
0.317139
0.317139
0.317139
0.317139
0.317139
0.317139
0.317139
0.317139
0.316968
0.320386
0.320557
0.320557
0.320557
0.320557
0.320558
0.320558
0.320558
0.320558
0.320387
0.323803
0.323974
0.323974
0.323974
0.323974
0.323975
0.323975
0.323975
0.323975
0.323804
0.327219
0.327389
0.327389
0.327389
0.32739
0.32739
0.32739
0.32739
0.32739
0.32722
0.330802
0.330973
0.330973
0.330973
0.330973
0.330973
0.330974
0.330974
0.330974
0.330803
0.334213
0.334384
0.334384
0.334384
0.334384
0.334384
0.334384
0.334385
0.334385
0.334214
0.337622
0.337793
0.337793
0.337793
0.337793
0.337793
0.337793
0.337793
0.337793
0.337623
0.341199
0.341369
0.341369
0.341369
0.341369
0.341369
0.34137
0.34137
0.34137
0.3412
0.344602
0.344773
0.344773
0.344773
0.344773
0.344773
0.344773
0.344773
0.344774
0.344604
0.348004
0.348174
0.348174
0.348174
0.348174
0.348174
0.348174
0.348174
0.348175
0.348005
0.351402
0.351572
0.351572
0.351572
0.351572
0.351572
0.351572
0.351573
0.351573
0.351403
0.354967
0.355137
0.355137
0.355137
0.355137
0.355137
0.355137
0.355138
0.355138
0.354968
0.358359
0.358529
0.358529
0.358529
0.358529
0.358529
0.358529
0.35853
0.35853
0.358361
0.361748
0.361918
0.361918
0.361918
0.361918
0.361918
0.361918
0.361919
0.361919
0.36175
0.365134
0.365303
0.365303
0.365303
0.365304
0.365304
0.365304
0.365304
0.365304
0.365136
0.368685
0.368854
0.368854
0.368855
0.368855
0.368855
0.368855
0.368855
0.368856
0.368687
0.372064
0.372233
0.372233
0.372233
0.372233
0.372233
0.372234
0.372234
0.372234
0.372065
0.375439
0.375607
0.375607
0.375608
0.375608
0.375608
0.375608
0.375608
0.375609
0.37544
0.378978
0.379147
0.379147
0.379147
0.379147
0.379147
0.379148
0.379148
0.379148
0.37898
0.382345
0.382513
0.382513
0.382514
0.382514
0.382514
0.382514
0.382514
0.382515
0.382347
0.385708
0.385876
0.385876
0.385876
0.385876
0.385877
0.385877
0.385877
0.385877
0.38571
0.389066
0.389234
0.389234
0.389234
0.389235
0.389235
0.389235
0.389235
0.389236
0.389068
0.392588
0.392756
0.392756
0.392756
0.392756
0.392756
0.392757
0.392757
0.392757
0.39259
0.395937
0.396105
0.396105
0.396105
0.396105
0.396106
0.396106
0.396106
0.396107
0.39594
0.399282
0.399449
0.39945
0.39945
0.39945
0.39945
0.399451
0.399451
0.399451
0.399284
0.402622
0.402789
0.40279
0.40279
0.40279
0.40279
0.402791
0.402791
0.402791
0.402625
0.406124
0.406291
0.406291
0.406291
0.406292
0.406292
0.406292
0.406292
0.406293
0.406126
0.409454
0.409621
0.409621
0.409621
0.409621
0.409622
0.409622
0.409622
0.409623
0.409457
0.412779
0.412945
0.412945
0.412946
0.412946
0.412946
0.412947
0.412947
0.412947
0.412781
0.416098
0.416264
0.416265
0.416265
0.416265
0.416266
0.416266
0.416266
0.416267
0.416101
0.419578
0.419744
0.419744
0.419744
0.419745
0.419745
0.419745
0.419746
0.419746
0.419581
0.422887
0.423052
0.423052
0.423053
0.423053
0.423053
0.423054
0.423054
0.423054
0.422889
0.426189
0.426354
0.426355
0.426355
0.426355
0.426356
0.426356
0.426356
0.426357
0.426192
0.429651
0.429816
0.429816
0.429816
0.429817
0.429817
0.429817
0.429818
0.429818
0.429654
0.432942
0.433106
0.433107
0.433107
0.433107
0.433108
0.433108
0.433108
0.433109
0.432945
0.436226
0.436391
0.436391
0.436391
0.436392
0.436392
0.436392
0.436393
0.436393
0.436229
0.439505
0.439669
0.439669
0.43967
0.43967
0.43967
0.439671
0.439671
0.439671
0.439508
0.442941
0.443104
0.443105
0.443105
0.443105
0.443106
0.443106
0.443106
0.443107
0.442944
0.446206
0.446369
0.44637
0.44637
0.44637
0.446371
0.446371
0.446372
0.446372
0.446209
0.449465
0.449628
0.449628
0.449629
0.449629
0.44963
0.44963
0.44963
0.449631
0.449468
0.45288
0.453042
0.453043
0.453043
0.453044
0.453044
0.453044
0.453045
0.453045
0.452883
0.456125
0.456287
0.456288
0.456288
0.456288
0.456289
0.456289
0.45629
0.45629
0.456128
0.459363
0.459525
0.459526
0.459526
0.459526
0.459527
0.459527
0.459528
0.459528
0.459367
0.462594
0.462756
0.462756
0.462757
0.462757
0.462758
0.462758
0.462758
0.462759
0.462598
0.465979
0.466141
0.466141
0.466141
0.466142
0.466142
0.466143
0.466143
0.466143
0.465983
0.469196
0.469357
0.469357
0.469357
0.469358
0.469358
0.469359
0.469359
0.469359
0.469199
0.472405
0.472565
0.472566
0.472566
0.472566
0.472567
0.472567
0.472568
0.472568
0.472408
0.475606
0.475766
0.475767
0.475767
0.475767
0.475768
0.475768
0.475769
0.475769
0.47561
0.478959
0.479119
0.479119
0.47912
0.47912
0.479121
0.479121
0.479121
0.479122
0.478963
0.482145
0.482304
0.482304
0.482305
0.482305
0.482306
0.482306
0.482307
0.482307
0.482148
0.485322
0.485481
0.485482
0.485482
0.485483
0.485483
0.485483
0.485484
0.485484
0.485326
0.48865
0.488809
0.488809
0.488809
0.48881
0.48881
0.488811
0.488811
0.488812
0.488654
0.491811
0.491969
0.49197
0.49197
0.49197
0.491971
0.491971
0.491972
0.491972
0.491815
0.494964
0.495121
0.495122
0.495122
0.495123
0.495123
0.495124
0.495124
0.495125
0.494968
0.498108
0.498265
0.498266
0.498266
0.498267
0.498267
0.498268
0.498268
0.498268
0.498112
0.5014
0.501557
0.501557
0.501558
0.501558
0.501559
0.501559
0.50156
0.50156
0.501404
0.504527
0.504683
0.504684
0.504684
0.504685
0.504685
0.504686
0.504686
0.504687
0.504531
0.507644
0.507801
0.507801
0.507802
0.507802
0.507803
0.507803
0.507804
0.507804
0.507649
0.510753
0.510909
0.51091
0.51091
0.510911
0.510911
0.510912
0.510912
0.510913
0.510758
0.514008
0.514163
0.514164
0.514164
0.514165
0.514165
0.514166
0.514166
0.514167
0.514013
0.517098
0.517253
0.517254
0.517254
0.517255
0.517255
0.517256
0.517256
0.517257
0.517103
0.520179
0.520334
0.520334
0.520335
0.520335
0.520336
0.520336
0.520337
0.520337
0.520184
0.523404
0.523558
0.523559
0.523559
0.52356
0.52356
0.523561
0.523561
0.523562
0.523409
0.526466
0.526619
0.52662
0.52662
0.526621
0.526622
0.526622
0.526623
0.526623
0.526471
0.529518
0.529671
0.529672
0.529672
0.529673
0.529673
0.529674
0.529674
0.529675
0.529523
0.53256
0.532713
0.532713
0.532714
0.532714
0.532715
0.532716
0.532716
0.532717
0.532565
0.535744
0.535896
0.535897
0.535897
0.535898
0.535898
0.535899
0.535899
0.5359
0.535749
0.538766
0.538918
0.538918
0.538919
0.538919
0.53892
0.53892
0.538921
0.538921
0.538771
0.541778
0.541929
0.54193
0.54193
0.541931
0.541931
0.541932
0.541932
0.541933
0.541783
0.54493
0.54508
0.545081
0.545081
0.545082
0.545082
0.545083
0.545083
0.545084
0.544935
0.54792
0.54807
0.548071
0.548071
0.548072
0.548073
0.548073
0.548074
0.548074
0.547926
0.550901
0.55105
0.551051
0.551051
0.551052
0.551053
0.551053
0.551054
0.551054
0.550906
0.553871
0.554019
0.55402
0.554021
0.554021
0.554022
0.554022
0.554023
0.554024
0.553876
0.556977
0.557126
0.557126
0.557127
0.557128
0.557128
0.557129
0.557129
0.55713
0.556983
0.559925
0.560073
0.560074
0.560074
0.560075
0.560075
0.560076
0.560077
0.560077
0.559931
0.562862
0.563009
0.56301
0.563011
0.563011
0.563012
0.563013
0.563013
0.563014
0.562868
0.565788
0.565935
0.565935
0.565936
0.565937
0.565937
0.565938
0.565938
0.565939
0.565794
0.568848
0.568994
0.568995
0.568996
0.568996
0.568997
0.568998
0.568998
0.568999
0.568854
0.571751
0.571897
0.571898
0.571898
0.571899
0.571899
0.5719
0.571901
0.571901
0.571757
0.574643
0.574788
0.574789
0.574789
0.57479
0.574791
0.574791
0.574792
0.574792
0.574649
0.577667
0.577811
0.577812
0.577813
0.577813
0.577814
0.577814
0.577815
0.577816
0.577673
0.580535
0.580679
0.580679
0.58068
0.580681
0.580681
0.580682
0.580682
0.580683
0.580541
0.583391
0.583534
0.583535
0.583536
0.583536
0.583537
0.583538
0.583538
0.583539
0.583397
0.586236
0.586378
0.586379
0.58638
0.58638
0.586381
0.586382
0.586382
0.586383
0.586241
0.58921
0.589352
0.589352
0.589353
0.589354
0.589354
0.589355
0.589356
0.589356
0.589215
0.59203
0.592171
0.592172
0.592172
0.592173
0.592174
0.592174
0.592175
0.592176
0.592035
0.594837
0.594978
0.594979
0.59498
0.59498
0.594981
0.594982
0.594982
0.594983
0.594843
0.597772
0.597913
0.597913
0.597914
0.597915
0.597915
0.597916
0.597917
0.597917
0.597778
0.600555
0.600695
0.600695
0.600696
0.600697
0.600697
0.600698
0.600699
0.600699
0.600561
0.603325
0.603464
0.603465
0.603466
0.603466
0.603467
0.603468
0.603468
0.603469
0.603331
0.606083
0.606221
0.606222
0.606223
0.606223
0.606224
0.606225
0.606225
0.606226
0.606089
0.608965
0.609102
0.609103
0.609104
0.609104
0.609105
0.609106
0.609106
0.609107
0.608971
0.611696
0.611833
0.611834
0.611835
0.611835
0.611836
0.611837
0.611837
0.611838
0.611702
0.614415
0.614551
0.614552
0.614553
0.614553
0.614554
0.614555
0.614555
0.614556
0.614421
0.617255
0.617391
0.617392
0.617393
0.617393
0.617394
0.617395
0.617395
0.617396
0.617262
0.619947
0.620082
0.620083
0.620084
0.620085
0.620085
0.620086
0.620087
0.620087
0.619954
0.622626
0.62276
0.622761
0.622762
0.622763
0.622763
0.622764
0.622765
0.622765
0.622632
0.625291
0.625425
0.625426
0.625427
0.625427
0.625428
0.625429
0.625429
0.62543
0.625298
0.628076
0.628209
0.628209
0.62821
0.628211
0.628212
0.628212
0.628213
0.628214
0.628082
0.630713
0.630846
0.630846
0.630847
0.630848
0.630849
0.630849
0.63085
0.630851
0.63072
0.633338
0.633469
0.63347
0.633471
0.633472
0.633472
0.633473
0.633474
0.633474
0.633344
0.636078
0.636209
0.63621
0.636211
0.636211
0.636212
0.636213
0.636214
0.636214
0.636085
0.638674
0.638804
0.638805
0.638806
0.638807
0.638807
0.638808
0.638809
0.63881
0.638681
0.641256
0.641386
0.641387
0.641387
0.641388
0.641389
0.64139
0.64139
0.641391
0.641263
0.643824
0.643953
0.643954
0.643955
0.643955
0.643956
0.643957
0.643958
0.643958
0.643831
0.646505
0.646634
0.646634
0.646635
0.646636
0.646637
0.646637
0.646638
0.646639
0.646512
0.649044
0.649172
0.649173
0.649173
0.649174
0.649175
0.649176
0.649176
0.649177
0.649051
0.651569
0.651696
0.651697
0.651697
0.651698
0.651699
0.6517
0.6517
0.651701
0.651576
0.654079
0.654205
0.654206
0.654207
0.654208
0.654209
0.654209
0.65421
0.654211
0.654086
0.656699
0.656825
0.656826
0.656826
0.656827
0.656828
0.656829
0.656829
0.65683
0.656706
0.65918
0.659304
0.659305
0.659306
0.659307
0.659308
0.659308
0.659309
0.65931
0.659187
0.661646
0.661769
0.66177
0.661771
0.661772
0.661773
0.661773
0.661774
0.661775
0.661653
0.664219
0.664342
0.664343
0.664343
0.664344
0.664345
0.664346
0.664346
0.664347
0.664226
0.666654
0.666776
0.666777
0.666778
0.666779
0.66678
0.66678
0.666781
0.666782
0.666661
0.669074
0.669196
0.669197
0.669197
0.669198
0.669199
0.6692
0.669201
0.669201
0.669081
0.671479
0.6716
0.671601
0.671602
0.671603
0.671604
0.671604
0.671605
0.671606
0.671487
0.673989
0.674109
0.674109
0.67411
0.674111
0.674112
0.674113
0.674113
0.674114
0.673996
0.676363
0.676482
0.676483
0.676484
0.676484
0.676485
0.676486
0.676487
0.676487
0.67637
0.678721
0.67884
0.678841
0.678841
0.678842
0.678843
0.678844
0.678845
0.678845
0.678729
0.681181
0.681299
0.6813
0.681301
0.681301
0.681302
0.681303
0.681304
0.681305
0.681189
0.683508
0.683625
0.683626
0.683627
0.683628
0.683628
0.683629
0.68363
0.683631
0.683515
0.685819
0.685935
0.685936
0.685937
0.685938
0.685939
0.68594
0.68594
0.685941
0.685827
0.688115
0.68823
0.688231
0.688232
0.688233
0.688234
0.688234
0.688235
0.688236
0.688122
0.690508
0.690623
0.690624
0.690624
0.690625
0.690626
0.690627
0.690628
0.690628
0.690516
0.692771
0.692885
0.692886
0.692887
0.692888
0.692888
0.692889
0.69289
0.692891
0.692779
0.695018
0.695131
0.695132
0.695133
0.695134
0.695135
0.695135
0.695136
0.695137
0.695026
0.69736
0.697472
0.697473
0.697474
0.697475
0.697476
0.697477
0.697478
0.697478
0.697368
0.699574
0.699686
0.699687
0.699687
0.699688
0.699689
0.69969
0.699691
0.699692
0.699582
0.701772
0.701883
0.701884
0.701884
0.701885
0.701886
0.701887
0.701888
0.701888
0.70178
0.703954
0.704063
0.704064
0.704065
0.704066
0.704067
0.704068
0.704068
0.704069
0.703961
0.706226
0.706335
0.706336
0.706337
0.706338
0.706339
0.70634
0.70634
0.706341
0.706234
0.708374
0.708482
0.708483
0.708484
0.708485
0.708486
0.708486
0.708487
0.708488
0.708382
0.710505
0.710612
0.710613
0.710614
0.710615
0.710616
0.710617
0.710618
0.710618
0.710513
0.712725
0.712831
0.712832
0.712833
0.712834
0.712835
0.712836
0.712836
0.712837
0.712733
0.714822
0.714927
0.714928
0.714929
0.71493
0.714931
0.714932
0.714933
0.714933
0.71483
0.716902
0.717006
0.717007
0.717008
0.717009
0.71701
0.717011
0.717012
0.717012
0.71691
0.718965
0.719069
0.71907
0.719071
0.719072
0.719072
0.719073
0.719074
0.719075
0.718973
0.721113
0.721216
0.721217
0.721218
0.721219
0.72122
0.72122
0.721221
0.721222
0.721121
0.723141
0.723243
0.723244
0.723245
0.723246
0.723247
0.723248
0.723249
0.723249
0.723149
0.725152
0.725253
0.725254
0.725255
0.725256
0.725257
0.725258
0.725259
0.72526
0.72516
0.727245
0.727346
0.727347
0.727348
0.727349
0.727349
0.72735
0.727351
0.727352
0.727253
0.729221
0.72932
0.729321
0.729322
0.729323
0.729324
0.729325
0.729326
0.729327
0.729229
0.731179
0.731278
0.731279
0.73128
0.731281
0.731282
0.731283
0.731283
0.731284
0.731187
0.733217
0.733314
0.733315
0.733316
0.733317
0.733318
0.733319
0.73332
0.733321
0.733225
0.735139
0.735236
0.735237
0.735238
0.735239
0.73524
0.735241
0.735241
0.735242
0.735147
0.737044
0.73714
0.737141
0.737142
0.737143
0.737144
0.737145
0.737145
0.737146
0.737052
0.738931
0.739026
0.739027
0.739028
0.739029
0.73903
0.739031
0.739032
0.739033
0.738939
0.740894
0.740988
0.740989
0.74099
0.740991
0.740992
0.740992
0.740993
0.740994
0.740902
0.742744
0.742838
0.742839
0.74284
0.742841
0.742841
0.742842
0.742843
0.742844
0.742753
0.744577
0.74467
0.744671
0.744672
0.744672
0.744673
0.744674
0.744675
0.744676
0.744585
0.746482
0.746574
0.746575
0.746576
0.746577
0.746578
0.746578
0.746579
0.74658
0.74649
0.748278
0.748369
0.74837
0.748371
0.748372
0.748373
0.748373
0.748374
0.748375
0.748286
0.750056
0.750146
0.750147
0.750148
0.750149
0.750149
0.75015
0.750151
0.750152
0.750064
0.751816
0.751904
0.751905
0.751906
0.751907
0.751908
0.751909
0.75191
0.751911
0.751824
0.753644
0.753731
0.753732
0.753733
0.753734
0.753735
0.753736
0.753737
0.753738
0.753652
